/*--------------------------------*- C++ -*----------------------------------*\
  =========                 |
  \\      /  F ield         | OpenFOAM: The Open Source CFD Toolbox
   \\    /   O peration     | Website:  https://openfoam.org
    \\  /    A nd           | Version:  6
     \\/     M anipulation  |
\*---------------------------------------------------------------------------*/
FoamFile
{
    version     2.0;
    format      binary;
    class       faceSet;
    location    "constant/polyMesh/sets";
    object      tempset3;
}
// * * * * * * * * * * * * * * * * * * * * * * * * * * * * * * * * * * * * * //


4584
(
2162688 
2162689 
2162690 
2162691 
2162692 
2162693 
2162694 
2162695 
2162696 
2162697 
2162698 
2162699 
2162700 
2162701 
2162702 
2162703 
2162704 
2162705 
2162706 
2162707 
2162708 
2162709 
2162710 
2162711 
2162712 
2162713 
2162714 
2162715 
2162716 
2162717 
2162718 
2162719 
2162720 
2162721 
2162722 
2162723 
2162724 
2162725 
2162726 
2162727 
2162728 
2162729 
2162730 
2162731 
2162732 
2162733 
2162734 
2162735 
2162736 
2162737 
2162738 
2162739 
2162740 
2162741 
2162742 
2162743 
2162744 
2162745 
2162746 
2162747 
2162748 
2162749 
2162750 
2162751 
2162752 
2162753 
2162754 
2162755 
2162756 
2162757 
2162758 
2162759 
2162760 
2162761 
2162762 
2162763 
2162764 
2162765 
2162766 
2162767 
2162768 
2162769 
2162770 
2162771 
2162772 
2162773 
2162774 
2162775 
2162776 
2162777 
2162778 
2162779 
2162780 
2162781 
2162782 
2162783 
2162784 
2162785 
2162786 
2162787 
2162788 
2162789 
2162790 
2162791 
2162792 
2162793 
2162794 
2162795 
2162796 
2162797 
2162798 
2162799 
2162800 
2162801 
2162802 
2162803 
2162804 
2162805 
2162806 
2162807 
2162808 
2162809 
2162810 
2162811 
2162812 
2162813 
2162814 
2162815 
2162816 
2162817 
2162818 
2162819 
2162820 
2162821 
2162822 
2162823 
2162824 
2162825 
2162826 
2162827 
2162828 
2162829 
2162830 
2162831 
2162832 
2162833 
2162834 
2162835 
2162836 
2162837 
2162838 
2162839 
2162840 
2162841 
2162842 
2162843 
2162844 
2162845 
2162846 
2162847 
2162848 
2162849 
2162850 
2162851 
2162852 
2162853 
2162854 
2162855 
2162856 
2162857 
2162858 
2162859 
2162860 
2162861 
2162862 
2162863 
2162864 
2162865 
2162866 
2162867 
2162868 
2162869 
2162870 
2162871 
2162872 
2162873 
2162874 
2162875 
2162876 
2162877 
2162878 
2162879 
2162880 
2162881 
2162882 
2162883 
2162884 
2162885 
2162886 
2162887 
2162888 
2162889 
2162890 
2162891 
2162892 
2162893 
2162894 
2162895 
2162896 
2162897 
2162898 
2162899 
2162900 
2162901 
2162902 
2162903 
2162904 
2162905 
2162906 
2162907 
2162908 
2162909 
2162910 
2162911 
2162912 
2162913 
2162914 
2162915 
2162916 
2162917 
2162918 
2162919 
2162920 
2162921 
2162922 
2162923 
2162924 
2162925 
2162926 
2162927 
2162928 
2162929 
2162930 
2162931 
2162932 
2162933 
2162934 
2162935 
2162936 
2162937 
2162938 
2162939 
2162940 
2162941 
2162942 
2162943 
2162944 
2162945 
2162946 
2162947 
2162948 
2162949 
2162950 
2162951 
2162952 
2162953 
2162954 
2162955 
2162956 
2162957 
2162958 
2162959 
2162960 
2162961 
2162962 
2162963 
2162964 
2162965 
2162966 
2162967 
2162968 
2162969 
2162970 
2162971 
2162972 
2162973 
2162974 
2162975 
2162976 
2162977 
2162978 
2162979 
2162980 
2162981 
2162982 
2162983 
2162984 
2162985 
2162986 
2162987 
2162988 
2162989 
2162990 
2162991 
2162992 
2162993 
2162994 
2162995 
2162996 
2162997 
2162998 
2162999 
2163000 
2163001 
2163002 
2163003 
2163004 
2163005 
2163006 
2163007 
2163008 
2163009 
2163010 
2163011 
2163012 
2163013 
2163014 
2163015 
2163016 
2163017 
2163018 
2163019 
2163020 
2163021 
2163022 
2163023 
2163024 
2163025 
2163026 
2163027 
2163028 
2163029 
2163030 
2163031 
2163032 
2163033 
2163034 
2163035 
2163036 
2163037 
2163038 
2163039 
2163040 
2163041 
2163042 
2163043 
2163044 
2163045 
2163046 
2163047 
2163048 
2163049 
2163050 
2163051 
2163052 
2163053 
2163054 
2163055 
2163056 
2163057 
2163058 
2163059 
2163060 
2163061 
2163062 
2163063 
2163064 
2163065 
2163066 
2163067 
2163068 
2163069 
2163070 
2163071 
2163072 
2163073 
2163074 
2163075 
2163076 
2163077 
2163078 
2163079 
2163080 
2163081 
2163082 
2163083 
2163084 
2163085 
2163086 
2163087 
2163088 
2163089 
2163090 
2163091 
2163092 
2163093 
2163094 
2163095 
2163096 
2163097 
2163098 
2163099 
2163100 
2163101 
2163102 
2163103 
2163104 
2163105 
2163106 
2163107 
2163108 
2163109 
2163110 
2163111 
2163112 
2163113 
2163114 
2163115 
2163116 
2163117 
2163118 
2163119 
2163120 
2163121 
2163122 
2163123 
2163124 
2163125 
2163126 
2163127 
2163128 
2163129 
2163130 
2163131 
2163132 
2163133 
2163134 
2163135 
2163136 
2163137 
2163138 
2163139 
2163140 
2163141 
2163142 
2163143 
2163144 
2163145 
2163146 
2163147 
2163148 
2163149 
2163150 
2163151 
2163152 
2163153 
2163154 
2163155 
2163156 
2163157 
2163158 
2163159 
2163160 
2163161 
2163162 
2163163 
2163164 
2163165 
2163166 
2163167 
2163168 
2163169 
2163170 
2163171 
2163172 
2163173 
2163174 
2163175 
2163176 
2163177 
2163178 
2163179 
2163180 
2163181 
2163182 
2163183 
2163184 
2163185 
2163186 
2163187 
2163188 
2163189 
2163190 
2163191 
2163192 
2163193 
2163194 
2163195 
2163196 
2163197 
2163198 
2163199 
2163200 
2163201 
2163202 
2163203 
2163204 
2163205 
2163206 
2163207 
2163208 
2163209 
2163210 
2163211 
2163212 
2163213 
2163214 
2163215 
2163216 
2163217 
2163218 
2163219 
2163220 
2163221 
2163222 
2163223 
2163224 
2163225 
2163226 
2163227 
2163228 
2163229 
2163230 
2163231 
2163232 
2163233 
2163234 
2163235 
2163236 
2163237 
2163238 
2163239 
2163240 
2163241 
2163242 
2163243 
2163244 
2163245 
2163246 
2163247 
2163248 
2163249 
2163250 
2163251 
2163252 
2163253 
2163254 
2163255 
2163256 
2163257 
2163258 
2163259 
2163260 
2163261 
2163262 
2163263 
2163264 
2163265 
2163266 
2163267 
2163268 
2163269 
2163270 
2163271 
2163272 
2163273 
2163274 
2163275 
2163276 
2163277 
2163278 
2163279 
2163280 
2163281 
2163282 
2163283 
2163284 
2163285 
2163286 
2163287 
2163288 
2163289 
2163290 
2163291 
2163292 
2163293 
2163294 
2163295 
2163296 
2163297 
2163298 
2163299 
2163300 
2163301 
2163302 
2163303 
2163304 
2163305 
2163306 
2163307 
2163308 
2163309 
2163310 
2163311 
2163312 
2163313 
2163314 
2163315 
2163316 
2163317 
2163318 
2163319 
2163320 
2163321 
2163322 
2163323 
2163324 
2163325 
2163326 
2163327 
2163328 
2163329 
2163330 
2163331 
2163332 
2163333 
2163334 
2163335 
2163336 
2163337 
2163338 
2163339 
2163340 
2163341 
2163342 
2163343 
2163344 
2163345 
2163346 
2163347 
2163348 
2163349 
2163350 
2163351 
2163352 
2163353 
2163354 
2163355 
2163356 
2163357 
2163358 
2163359 
2163360 
2163361 
2163362 
2163363 
2163364 
2163365 
2163366 
2163367 
2163368 
2163369 
2163370 
2163371 
2163372 
2163373 
2163374 
2163375 
2163376 
2163377 
2163378 
2163379 
2163380 
2163381 
2163382 
2163383 
2163384 
2163385 
2163386 
2163387 
2163388 
2163389 
2163390 
2163391 
2163392 
2163393 
2163394 
2163395 
2163396 
2163397 
2163398 
2163399 
2163400 
2163401 
2163402 
2163403 
2163404 
2163405 
2163406 
2163407 
2163408 
2163409 
2163410 
2163411 
2163412 
2163413 
2163414 
2163415 
2163416 
2163417 
2163418 
2163419 
2163420 
2163421 
2163422 
2163423 
2163424 
2163425 
2163426 
2163427 
2163428 
2163429 
2163430 
2163431 
2163432 
2163433 
2163434 
2163435 
2163436 
2163437 
2163438 
2163439 
2163440 
2163441 
2163442 
2163443 
2163444 
2163445 
2163446 
2163447 
2163448 
2163449 
2163450 
2163451 
2163452 
2163453 
2163454 
2163455 
2163456 
2163457 
2163458 
2163459 
2163460 
2163461 
2163462 
2163463 
2163464 
2163465 
2163466 
2163467 
2163468 
2163469 
2163470 
2163471 
2163472 
2163473 
2163474 
2163475 
2163476 
2163477 
2163478 
2163479 
2163480 
2163481 
2163482 
2163483 
2163484 
2163485 
2163486 
2163487 
2163488 
2163489 
2163490 
2163491 
2163492 
2163493 
2163494 
2163495 
2163496 
2163497 
2163498 
2163499 
2163500 
2163501 
2163502 
2163503 
2163504 
2163505 
2163506 
2163507 
2163508 
2163509 
2163510 
2163511 
2163512 
2163513 
2163514 
2163515 
2163516 
2163517 
2163518 
2163519 
2163520 
2163521 
2163522 
2163523 
2163524 
2163525 
2163526 
2163527 
2163528 
2163529 
2163530 
2163531 
2163532 
2163533 
2163534 
2163535 
2163536 
2163537 
2163538 
2163539 
2163540 
2163541 
2163542 
2163543 
2163544 
2163545 
2163546 
2163547 
2163548 
2163549 
2163550 
2163551 
2163552 
2163553 
2163554 
2163555 
2163556 
2163557 
2163558 
2163559 
2163560 
2163561 
2163562 
2163563 
2163564 
2163565 
2163566 
2163567 
2163568 
2163569 
2163570 
2163571 
2163572 
2163573 
2163574 
2163575 
2163576 
2163577 
2163578 
2163579 
2163580 
2163581 
2163582 
2163583 
2163584 
2163585 
2163586 
2163587 
2163588 
2163589 
2163590 
2163591 
2163592 
2163593 
2163594 
2163595 
2163596 
2163597 
2163598 
2163599 
2163600 
2163601 
2163602 
2163603 
2163604 
2163605 
2163606 
2163607 
2163608 
2163609 
2163610 
2163611 
2163612 
2163613 
2163614 
2163615 
2163616 
2163617 
2163618 
2163619 
2163620 
2163621 
2163622 
2163623 
2163624 
2163625 
2163626 
2163627 
2163628 
2163629 
2163630 
2163631 
2163632 
2163633 
2163634 
2163635 
2163636 
2163637 
2163638 
2163639 
2163640 
2163641 
2163642 
2163643 
2163644 
2163645 
2163646 
2163647 
2163648 
2163649 
2163650 
2163651 
2163652 
2163653 
2163654 
2163655 
2163656 
2163657 
2163658 
2163659 
2163660 
2163661 
2163662 
2163663 
2163664 
2163665 
2163666 
2163667 
2163668 
2163669 
2163670 
2163671 
2163672 
2163673 
2163674 
2163675 
2163676 
2163677 
2163678 
2163679 
2163680 
2163681 
2163682 
2163683 
2163684 
2163685 
2163686 
2163687 
2163688 
2163689 
2163690 
2163691 
2163692 
2163693 
2163694 
2163695 
2163696 
2163697 
2163698 
2163699 
2163700 
2163701 
2163702 
2163703 
2163704 
2163705 
2163706 
2163707 
2163708 
2163709 
2163710 
2163711 
2163712 
2163713 
2163714 
2163715 
2163716 
2163717 
2163718 
2163719 
2163720 
2163721 
2163722 
2163723 
2163724 
2163725 
2163726 
2163727 
2163728 
2163729 
2163730 
2163731 
2163732 
2163733 
2163734 
2163735 
2163736 
2163737 
2163738 
2163739 
2163740 
2163741 
2163742 
2163743 
2163744 
2163745 
2163746 
2163747 
2163748 
2163749 
2163750 
2163751 
2163752 
2163753 
2163754 
2163755 
2163756 
2163757 
2163758 
2163759 
2163760 
2163761 
2163762 
2163763 
2163764 
2163765 
2163766 
2163767 
2163768 
2163769 
2163770 
2163771 
2163772 
2163773 
2163774 
2163775 
2163776 
2163777 
2163785 
2163786 
2163787 
2163788 
2163789 
2163790 
2163791 
2163792 
2163793 
2163794 
2163795 
2163796 
2163797 
2163798 
2163799 
2163800 
2163801 
2163802 
2163803 
2163804 
2163805 
2163806 
2163807 
2163808 
2163809 
2163810 
2163811 
2163812 
2163813 
2163814 
2163815 
2163816 
2163817 
2163818 
2163819 
2163820 
2163831 
2163832 
2163833 
2163834 
2163835 
2163836 
2163837 
2163838 
2163839 
2163840 
2163841 
2163842 
2163843 
2163844 
2163845 
2163846 
2163847 
2163848 
2163849 
2163850 
2163851 
2163852 
2163853 
2163854 
2163855 
2163856 
2163857 
2163858 
2163859 
2163860 
2163861 
2163862 
2163863 
2163864 
2163865 
2163878 
2163879 
2163880 
2163881 
2163882 
2163883 
2163884 
2163885 
2163886 
2163887 
2163888 
2163889 
2163890 
2163891 
2163892 
2163893 
2163894 
2163895 
2163896 
2163897 
2163898 
2163899 
2163900 
2163901 
2163902 
2163903 
2163904 
2163905 
2163906 
2163907 
2163908 
2163909 
2163910 
2163911 
2163912 
2163913 
2163927 
2163928 
2163929 
2163930 
2163931 
2163932 
2163933 
2163934 
2163935 
2163936 
2163937 
2163938 
2163939 
2163940 
2163941 
2163942 
2163943 
2163944 
2163945 
2163946 
2163947 
2163948 
2163949 
2163950 
2163951 
2163952 
2163953 
2163954 
2163955 
2163956 
2163957 
2163958 
2163959 
2163960 
2163961 
2163970 
2163971 
2163972 
2163973 
2163974 
2163975 
2163976 
2163977 
2163978 
2163979 
2163980 
2163981 
2163982 
2163983 
2163984 
2163985 
2163986 
2163987 
2163988 
2163989 
2163990 
2163991 
2163992 
2163993 
2163994 
2163995 
2163996 
2163997 
2163998 
2163999 
2164000 
2164001 
2164002 
2164003 
2164004 
2164005 
2164006 
2164007 
2164008 
2164013 
2164014 
2164015 
2164016 
2164017 
2164018 
2164019 
2164020 
2164021 
2164022 
2164023 
2164024 
2164025 
2164026 
2164027 
2164028 
2164029 
2164030 
2164031 
2164032 
2164033 
2164034 
2164035 
2164036 
2164037 
2164038 
2164039 
2164040 
2164041 
2164042 
2164043 
2164044 
2164045 
2164046 
2164047 
2164048 
2164049 
2164050 
2164051 
2164052 
2164053 
2164054 
2164055 
2164056 
2164059 
2164060 
2164061 
2164062 
2164063 
2164064 
2164065 
2164066 
2164067 
2164068 
2164069 
2164070 
2164071 
2164072 
2164073 
2164074 
2164075 
2164076 
2164077 
2164078 
2164079 
2164080 
2164081 
2164082 
2164083 
2164084 
2164085 
2164086 
2164087 
2164088 
2164089 
2164090 
2164091 
2164092 
2164093 
2164094 
2164095 
2164096 
2164097 
2164098 
2164099 
2164100 
2164101 
2164102 
2164104 
2164105 
2164106 
2164107 
2164108 
2164109 
2164110 
2164111 
2164112 
2164113 
2164114 
2164115 
2164116 
2164117 
2164118 
2164119 
2164120 
2164121 
2164122 
2164123 
2164124 
2164125 
2164126 
2164127 
2164128 
2164129 
2164130 
2164131 
2164132 
2164133 
2164134 
2164135 
2164136 
2164137 
2164138 
2164139 
2164140 
2164141 
2164142 
2164143 
2164144 
2164145 
2164146 
2164147 
2164149 
2164150 
2164151 
2164152 
2164153 
2164154 
2164155 
2164156 
2164157 
2164158 
2164159 
2164160 
2164161 
2164162 
2164163 
2164164 
2164165 
2164166 
2164167 
2164168 
2164169 
2164170 
2164171 
2164172 
2164173 
2164174 
2164175 
2164176 
2164177 
2164178 
2164179 
2164180 
2164181 
2164182 
2164183 
2164184 
2164185 
2164186 
2164187 
2164188 
2164189 
2164190 
2164191 
2164192 
2164194 
2164195 
2164196 
2164197 
2164198 
2164199 
2164200 
2164201 
2164202 
2164203 
2164204 
2164205 
2164206 
2164207 
2164208 
2164209 
2164210 
2164211 
2164212 
2164213 
2164214 
2164215 
2164216 
2164217 
2164218 
2164219 
2164220 
2164221 
2164222 
2164223 
2164224 
2164225 
2164226 
2164227 
2164228 
2164229 
2164230 
2164231 
2164232 
2164233 
2164234 
2164235 
2164236 
2164238 
2164239 
2164240 
2164241 
2164242 
2164243 
2164244 
2164245 
2164246 
2164247 
2164248 
2164249 
2164250 
2164251 
2164252 
2164253 
2164254 
2164255 
2164256 
2164257 
2164258 
2164259 
2164260 
2164261 
2164262 
2164263 
2164264 
2164265 
2164266 
2164267 
2164268 
2164269 
2164270 
2164271 
2164272 
2164273 
2164274 
2164275 
2164276 
2164277 
2164278 
2164279 
2164284 
2164285 
2164286 
2164287 
2164288 
2164289 
2164290 
2164291 
2164292 
2164293 
2164294 
2164295 
2164296 
2164297 
2164298 
2164299 
2164300 
2164301 
2164302 
2164303 
2164304 
2164305 
2164306 
2164307 
2164308 
2164309 
2164310 
2164311 
2164312 
2164313 
2164314 
2164315 
2164316 
2164317 
2164318 
2164319 
2164320 
2164321 
2164322 
2164323 
2164324 
2164325 
2164326 
2164332 
2164333 
2164334 
2164335 
2164336 
2164337 
2164338 
2164339 
2164340 
2164341 
2164342 
2164343 
2164344 
2164345 
2164346 
2164347 
2164348 
2164349 
2164350 
2164351 
2164352 
2164353 
2164354 
2164355 
2164356 
2164357 
2164358 
2164359 
2164360 
2164361 
2164362 
2164363 
2164364 
2164365 
2164366 
2164367 
2164368 
2164369 
2164370 
2164371 
2164372 
2164373 
2164374 
2164375 
2164376 
2164390 
2164391 
2164392 
2164393 
2164394 
2164395 
2164396 
2164397 
2164398 
2164399 
2164400 
2164401 
2164402 
2164403 
2164404 
2164405 
2164406 
2164407 
2164408 
2164409 
2164410 
2164411 
2164412 
2164413 
2164414 
2164415 
2164416 
2164417 
2164418 
2164419 
2164420 
2164421 
2164422 
2164423 
2164424 
2164425 
2164426 
2164427 
2164428 
2164429 
2164430 
2164431 
2164432 
2164433 
2164446 
2164447 
2164448 
2164449 
2164450 
2164451 
2164452 
2164453 
2164454 
2164455 
2164456 
2164457 
2164458 
2164459 
2164460 
2164461 
2164462 
2164463 
2164464 
2164465 
2164466 
2164467 
2164468 
2164469 
2164470 
2164471 
2164472 
2164473 
2164474 
2164475 
2164476 
2164477 
2164478 
2164479 
2164480 
2164481 
2164482 
2164483 
2164484 
2164485 
2164486 
2164487 
2164488 
2164501 
2164502 
2164503 
2164504 
2164505 
2164506 
2164507 
2164508 
2164509 
2164510 
2164511 
2164512 
2164513 
2164514 
2164515 
2164516 
2164517 
2164518 
2164519 
2164520 
2164521 
2164522 
2164523 
2164524 
2164525 
2164526 
2164527 
2164528 
2164529 
2164530 
2164531 
2164532 
2164533 
2164534 
2164535 
2164536 
2164537 
2164538 
2164539 
2164540 
2164541 
2164542 
2164543 
2164555 
2164556 
2164557 
2164558 
2164559 
2164560 
2164561 
2164562 
2164563 
2164564 
2164565 
2164566 
2164567 
2164568 
2164569 
2164570 
2164571 
2164572 
2164573 
2164574 
2164575 
2164576 
2164577 
2164578 
2164579 
2164580 
2164581 
2164582 
2164583 
2164584 
2164585 
2164586 
2164587 
2164588 
2164589 
2164590 
2164591 
2164592 
2164593 
2164594 
2164595 
2164596 
2164608 
2164609 
2164610 
2164611 
2164612 
2164613 
2164614 
2164615 
2164616 
2164617 
2164618 
2164619 
2164620 
2164621 
2164622 
2164623 
2164624 
2164625 
2164626 
2164627 
2164628 
2164629 
2164630 
2164631 
2164632 
2164633 
2164634 
2164635 
2164636 
2164648 
2164649 
2164650 
2164651 
2164652 
2164653 
2164654 
2164655 
2164656 
2164657 
2164658 
2164659 
2164660 
2164661 
2164662 
2164663 
2164664 
2164665 
2164666 
2164667 
2164668 
2164669 
2164670 
2164671 
2164684 
2164685 
2164686 
2164687 
2164688 
2164689 
2164690 
2164691 
2164692 
2164693 
2164694 
2164695 
2164696 
2164697 
2164698 
2164699 
2164700 
2164701 
2164713 
2164714 
2164715 
2164716 
2164717 
2164718 
2164719 
2164720 
2164721 
2164722 
2164723 
2164724 
2164725 
2164726 
2164727 
2164728 
2164740 
2164741 
2164742 
2164743 
2164744 
2164745 
2164746 
2164747 
2164748 
2164749 
2164750 
2164751 
2164752 
2164753 
2164754 
2164765 
2164766 
2164767 
2164768 
2164769 
2164770 
2164771 
2164772 
2164773 
2164774 
2164775 
2164776 
2164777 
2164778 
2164789 
2164790 
2164791 
2164792 
2164793 
2164794 
2164795 
2164796 
2164797 
2164798 
2164799 
2164800 
2164811 
2164812 
2164813 
2164814 
2164815 
2164816 
2164817 
2164818 
2164819 
2164820 
2164821 
2164822 
2164834 
2164835 
2164836 
2164837 
2164838 
2164839 
2164840 
2164841 
2164842 
2164843 
2164844 
2164845 
2164856 
2164857 
2164858 
2164859 
2164860 
2164861 
2164862 
2164863 
2164864 
2164865 
2164866 
2164867 
2164868 
2164880 
2164881 
2164882 
2164883 
2164884 
2164885 
2164886 
2164887 
2164888 
2164889 
2164890 
2164891 
2164892 
2164904 
2164905 
2164906 
2164907 
2164908 
2164909 
2164910 
2164911 
2164912 
2164913 
2164914 
2164915 
2164916 
2164931 
2164932 
2164933 
2164934 
2164935 
2164936 
2164937 
2164938 
2164939 
2164940 
2164941 
2164942 
2164943 
2164944 
2164945 
2164962 
2164963 
2164964 
2164965 
2164966 
2164967 
2164968 
2164969 
2164970 
2164971 
2164972 
2164973 
2164974 
2164975 
2164976 
2164977 
2164978 
2165004 
2165005 
2165006 
2165007 
2165008 
2165009 
2165010 
2165011 
2165012 
2165013 
2165014 
2165015 
2165016 
2165017 
2165018 
2165019 
2165020 
2165021 
2165046 
2165047 
2165048 
2165049 
2165050 
2165051 
2165052 
2165053 
2165054 
2165055 
2165056 
2165057 
2165058 
2165059 
2165060 
2165061 
2165062 
2165063 
2165064 
2165088 
2165089 
2165090 
2165091 
2165092 
2165093 
2165094 
2165095 
2165096 
2165097 
2165098 
2165099 
2165100 
2165101 
2165102 
2165103 
2165104 
2165105 
2165106 
2165107 
2165108 
2165131 
2165132 
2165133 
2165134 
2165135 
2165136 
2165137 
2165138 
2165139 
2165140 
2165141 
2165142 
2165143 
2165144 
2165145 
2165146 
2165147 
2165148 
2165149 
2165150 
2165151 
2165152 
2165153 
2165154 
2165155 
2165176 
2165177 
2165178 
2165179 
2165180 
2165181 
2165182 
2165183 
2165184 
2165185 
2165186 
2165187 
2165188 
2165189 
2165190 
2165191 
2165192 
2165193 
2165194 
2165195 
2165196 
2165197 
2165198 
2165199 
2165200 
2165201 
2165202 
2165203 
2165204 
2165205 
2165206 
2165225 
2165226 
2165227 
2165228 
2165229 
2165230 
2165231 
2165232 
2165233 
2165234 
2165235 
2165236 
2165237 
2165238 
2165239 
2165240 
2165241 
2165242 
2165243 
2165244 
2165245 
2165246 
2165247 
2165248 
2165249 
2165250 
2165251 
2165252 
2165253 
2165254 
2165255 
2165256 
2165257 
2165258 
2165259 
2165260 
2165261 
2165278 
2165279 
2165280 
2165281 
2165282 
2165283 
2165284 
2165285 
2165286 
2165287 
2165288 
2165289 
2165290 
2165291 
2165292 
2165293 
2165294 
2165295 
2165296 
2165297 
2165298 
2165299 
2165300 
2165301 
2165302 
2165303 
2165304 
2165305 
2165306 
2165307 
2165308 
2165309 
2165310 
2165311 
2165312 
2165313 
2165314 
2165315 
2165316 
2165317 
2165318 
2165319 
2165320 
2165321 
2165322 
2165323 
2165324 
2165325 
2165339 
2165340 
2165341 
2165342 
2165343 
2165344 
2165345 
2165346 
2165347 
2165348 
2165349 
2165350 
2165351 
2165352 
2165353 
2165354 
2165355 
2165356 
2165357 
2165358 
2165359 
2165360 
2165361 
2165362 
2165363 
2165364 
2165365 
2165366 
2165367 
2165368 
2165369 
2165370 
2165371 
2165372 
2165373 
2165374 
2165375 
2165376 
2165377 
2165378 
2165379 
2165380 
2165381 
2165382 
2165383 
2165384 
2165385 
2165386 
2165387 
2165388 
2165389 
2165390 
2165391 
2165393 
2165394 
2165395 
2165396 
2165397 
2165398 
2165399 
2165400 
2165401 
2165402 
2165403 
2165404 
2165405 
2165406 
2165407 
2165408 
2165409 
2165410 
2165411 
2165412 
2165413 
2165414 
2165415 
2165416 
2165417 
2165418 
2165419 
2165420 
2165421 
2165422 
2165423 
2165424 
2165425 
2165426 
2165427 
2165428 
2165429 
2165430 
2165431 
2165432 
2165433 
2165434 
2165435 
2165436 
2165437 
2165438 
2165439 
2165440 
2165441 
2165442 
2165443 
2165444 
2165445 
2165446 
2165447 
2165448 
2165449 
2165450 
2165451 
2165452 
2165453 
2165454 
2165455 
2165456 
2165457 
2165458 
2165459 
2165460 
2165461 
2165462 
2165463 
2165464 
2165465 
2165466 
2165467 
2165468 
2165469 
2165470 
2165471 
2165472 
2165473 
2165474 
2165475 
2165476 
2165477 
2165478 
2165479 
2165480 
2165481 
2165482 
2165483 
2165484 
2165485 
2165486 
2165487 
2165488 
2165489 
2165490 
2165491 
2165492 
2165493 
2165494 
2165495 
2165496 
2165497 
2165498 
2165499 
2165500 
2165501 
2165502 
2165503 
2165504 
2165505 
2165506 
2165507 
2165508 
2165509 
2165510 
2165511 
2165512 
2165513 
2165514 
2165515 
2165516 
2165517 
2165518 
2165519 
2165520 
2165521 
2165522 
2165523 
2165524 
2165525 
2165526 
2165527 
2165528 
2165529 
2165530 
2165531 
2165532 
2165533 
2165534 
2165535 
2165536 
2165537 
2165538 
2165539 
2165540 
2165541 
2165542 
2165543 
2165544 
2165545 
2165546 
2165547 
2165548 
2165549 
2165550 
2165551 
2165552 
2165553 
2165554 
2165555 
2165556 
2165557 
2165558 
2165559 
2165560 
2165561 
2165562 
2165563 
2165564 
2165565 
2165566 
2165567 
2165568 
2165569 
2165570 
2165571 
2165572 
2165573 
2165574 
2165575 
2165576 
2165577 
2165578 
2165579 
2165580 
2165581 
2165582 
2165583 
2165584 
2165585 
2165586 
2165587 
2165588 
2165589 
2165590 
2165591 
2165592 
2165593 
2165594 
2165595 
2165596 
2165597 
2165598 
2165599 
2165600 
2165601 
2165602 
2165603 
2165604 
2165605 
2165606 
2165607 
2165608 
2165609 
2165610 
2165611 
2165612 
2165613 
2165614 
2165615 
2165616 
2165617 
2165618 
2165619 
2165620 
2165621 
2165622 
2165623 
2165624 
2165625 
2165626 
2165627 
2165628 
2165629 
2165630 
2165631 
2165632 
2165633 
2165634 
2165635 
2165636 
2165637 
2165638 
2165639 
2165640 
2165641 
2165642 
2165643 
2165644 
2165645 
2165646 
2165647 
2165648 
2165649 
2165650 
2165651 
2165652 
2165653 
2165654 
2165655 
2165656 
2165657 
2165658 
2165659 
2165660 
2165661 
2165662 
2165663 
2165664 
2165665 
2165666 
2165667 
2165668 
2165669 
2165670 
2165671 
2165672 
2165673 
2165674 
2165675 
2165676 
2165677 
2165678 
2165679 
2165680 
2165681 
2165682 
2165683 
2165684 
2165685 
2165686 
2165687 
2165688 
2165689 
2165690 
2165691 
2165692 
2165693 
2165694 
2165695 
2165696 
2165697 
2165698 
2165699 
2165700 
2165701 
2165702 
2165703 
2165704 
2165705 
2165706 
2165707 
2165708 
2165709 
2165710 
2165711 
2165712 
2165713 
2165714 
2165715 
2165716 
2165717 
2165718 
2165719 
2165720 
2165721 
2165722 
2165723 
2165724 
2165725 
2165726 
2165727 
2165728 
2165729 
2165730 
2165731 
2165732 
2165733 
2165734 
2165735 
2165736 
2165737 
2165738 
2165739 
2165740 
2165741 
2165742 
2165743 
2165744 
2165745 
2165746 
2165747 
2165748 
2165749 
2165750 
2165751 
2165752 
2165753 
2165754 
2165755 
2165756 
2165757 
2165758 
2165759 
2165760 
2165761 
2165762 
2165763 
2165764 
2165765 
2165766 
2165767 
2165768 
2165769 
2165770 
2165771 
2165772 
2165773 
2165774 
2165775 
2165776 
2165777 
2165778 
2165779 
2165780 
2165781 
2165782 
2165783 
2165784 
2165785 
2165786 
2165787 
2165788 
2165789 
2165790 
2165791 
2165792 
2165793 
2165794 
2165795 
2165796 
2165797 
2165798 
2165799 
2165800 
2165801 
2165802 
2165803 
2165804 
2165805 
2165806 
2165807 
2165808 
2165809 
2165810 
2165811 
2165812 
2165813 
2165814 
2165815 
2165816 
2165817 
2165818 
2165819 
2165820 
2165821 
2165822 
2165823 
2165824 
2165825 
2165826 
2165827 
2165828 
2165829 
2165830 
2165831 
2165832 
2165833 
2165834 
2165835 
2165836 
2165837 
2165838 
2165839 
2165840 
2165841 
2165842 
2165843 
2165844 
2165845 
2165846 
2165847 
2165848 
2165849 
2165850 
2165851 
2165852 
2165853 
2165854 
2165855 
2165856 
2165857 
2165858 
2165859 
2165860 
2165861 
2165862 
2165863 
2165864 
2165865 
2165866 
2165867 
2165868 
2165869 
2165870 
2165871 
2165872 
2165873 
2165874 
2165875 
2165876 
2165877 
2165878 
2165879 
2165880 
2165881 
2165882 
2165883 
2165884 
2165885 
2165886 
2165887 
2165888 
2165889 
2165890 
2165891 
2165892 
2165893 
2165894 
2165895 
2165896 
2165897 
2165898 
2165899 
2165900 
2165901 
2165902 
2165903 
2165904 
2165905 
2165906 
2165907 
2165908 
2165909 
2165910 
2165911 
2165912 
2165913 
2165914 
2165915 
2165916 
2165917 
2165918 
2165919 
2165920 
2165921 
2165922 
2165923 
2165924 
2165925 
2165926 
2165927 
2165928 
2165929 
2165930 
2165931 
2165932 
2165933 
2165934 
2165935 
2165936 
2165937 
2165938 
2165939 
2165940 
2165941 
2165942 
2165943 
2165944 
2165945 
2165946 
2165947 
2165948 
2165949 
2165950 
2165951 
2165952 
2165953 
2165954 
2165955 
2165956 
2165957 
2165958 
2165959 
2165960 
2165961 
2165962 
2165963 
2165964 
2165965 
2165966 
2165967 
2165968 
2165969 
2165970 
2165971 
2165972 
2165973 
2165974 
2165975 
2165976 
2165977 
2165978 
2165979 
2165980 
2165981 
2165982 
2165983 
2165984 
2165985 
2165986 
2165987 
2165988 
2165989 
2165990 
2165991 
2165992 
2165993 
2165994 
2165995 
2165996 
2165997 
2165998 
2165999 
2166000 
2166001 
2166002 
2166003 
2166004 
2166005 
2166006 
2166007 
2166008 
2166009 
2166010 
2166011 
2166012 
2166013 
2166014 
2166015 
2166016 
2166017 
2166018 
2166019 
2166020 
2166021 
2166022 
2166023 
2166024 
2166025 
2166026 
2166027 
2166028 
2166029 
2166030 
2166031 
2166032 
2166033 
2166034 
2166035 
2166036 
2166037 
2166038 
2166039 
2166040 
2166041 
2166042 
2166043 
2166044 
2166045 
2166046 
2166047 
2166048 
2166049 
2166050 
2166051 
2166052 
2166053 
2166054 
2166055 
2166056 
2166057 
2166058 
2166059 
2166060 
2166061 
2166062 
2166063 
2166064 
2166065 
2166066 
2166067 
2166068 
2166069 
2166070 
2166071 
2166072 
2166073 
2166074 
2166075 
2166076 
2166077 
2166078 
2166079 
2166080 
2166081 
2166082 
2166083 
2166084 
2166085 
2166086 
2166087 
2166088 
2166089 
2166090 
2166091 
2166092 
2166093 
2166094 
2166095 
2166096 
2166097 
2166098 
2166099 
2166100 
2166101 
2166102 
2166103 
2166104 
2166105 
2166106 
2166107 
2166108 
2166109 
2166110 
2166111 
2166112 
2166113 
2166114 
2166115 
2166116 
2166117 
2166118 
2166119 
2166120 
2166121 
2166122 
2166123 
2166124 
2166125 
2166126 
2166127 
2166128 
2166129 
2166130 
2166131 
2166132 
2166133 
2166134 
2166135 
2166136 
2166137 
2166138 
2166139 
2166140 
2166141 
2166142 
2166143 
2166144 
2166145 
2166146 
2166147 
2166148 
2166149 
2166150 
2166151 
2166152 
2166153 
2166154 
2166155 
2166156 
2166157 
2166158 
2166159 
2166160 
2166161 
2166162 
2166163 
2166164 
2166165 
2166166 
2166167 
2166168 
2166169 
2166170 
2166171 
2166172 
2166173 
2166174 
2166175 
2166176 
2166177 
2166178 
2166179 
2166180 
2166181 
2166182 
2166183 
2166184 
2166185 
2166186 
2166187 
2166188 
2166189 
2166190 
2166191 
2166192 
2166193 
2166194 
2166195 
2166196 
2166197 
2166198 
2166199 
2166200 
2166201 
2166202 
2166203 
2166204 
2166205 
2166206 
2166207 
2166208 
2166209 
2166210 
2166211 
2166212 
2166213 
2166214 
2166215 
2166216 
2166217 
2166218 
2166219 
2166220 
2166221 
2166222 
2166223 
2166224 
2166225 
2166226 
2166227 
2166228 
2166229 
2166230 
2166231 
2166232 
2166233 
2166234 
2166235 
2166236 
2166237 
2166238 
2166239 
2166240 
2166241 
2166242 
2166243 
2166244 
2166245 
2166246 
2166247 
2166248 
2166249 
2166250 
2166251 
2166252 
2166253 
2166254 
2166255 
2166256 
2166257 
2166258 
2166259 
2166260 
2166261 
2166262 
2166263 
2166264 
2166265 
2166266 
2166267 
2166268 
2166269 
2166270 
2166271 
2166272 
2166273 
2166274 
2166275 
2166276 
2166277 
2166278 
2166279 
2166280 
2166281 
2166282 
2166283 
2166284 
2166285 
2166286 
2166287 
2166288 
2166289 
2166290 
2166291 
2166292 
2166293 
2166294 
2166295 
2166296 
2166297 
2166298 
2166299 
2166300 
2166301 
2166302 
2166303 
2166304 
2166305 
2166306 
2166307 
2166308 
2166309 
2166310 
2166311 
2166312 
2166313 
2166314 
2166315 
2166316 
2166317 
2166318 
2166319 
2166320 
2166321 
2166322 
2166323 
2166324 
2166325 
2166326 
2166327 
2166328 
2166329 
2166330 
2166331 
2166332 
2166333 
2166334 
2166335 
2166336 
2166337 
2166338 
2166339 
2166340 
2166341 
2166342 
2166343 
2166344 
2166345 
2166346 
2166347 
2166348 
2166349 
2166350 
2166351 
2166352 
2166353 
2166354 
2166355 
2166356 
2166357 
2166358 
2166359 
2166360 
2166361 
2166362 
2166363 
2166364 
2166365 
2166366 
2166367 
2166368 
2166369 
2166370 
2166371 
2166372 
2166373 
2166374 
2166375 
2166376 
2166377 
2166378 
2166379 
2166380 
2166381 
2166382 
2166383 
2166384 
2166385 
2166386 
2166387 
2166388 
2166389 
2166390 
2166391 
2166392 
2166393 
2166394 
2166395 
2166396 
2166397 
2166398 
2166399 
2166400 
2166401 
2166402 
2166403 
2166404 
2166405 
2166406 
2166407 
2166408 
2166409 
2166410 
2166411 
2166412 
2166413 
2166414 
2166415 
2166416 
2166417 
2166418 
2166419 
2166420 
2166421 
2166422 
2166423 
2166424 
2166425 
2166426 
2166427 
2166428 
2166429 
2166430 
2166431 
2166432 
2166433 
2166434 
2166435 
2166436 
2166437 
2166438 
2166439 
2166440 
2166441 
2166442 
2166443 
2166444 
2166445 
2166446 
2166447 
2166448 
2166449 
2166450 
2166451 
2166452 
2166453 
2166454 
2166455 
2166456 
2166457 
2166458 
2166459 
2166460 
2166461 
2166462 
2166463 
2166464 
2166465 
2166466 
2166467 
2166468 
2166469 
2166470 
2166471 
2166472 
2166473 
2166474 
2166475 
2166476 
2166477 
2166478 
2166479 
2166480 
2166481 
2166482 
2166483 
2166484 
2166485 
2166486 
2166487 
2166488 
2166489 
2166490 
2166491 
2166492 
2166493 
2166494 
2166495 
2166496 
2166497 
2166498 
2166499 
2166500 
2166501 
2166502 
2166503 
2166504 
2166505 
2166506 
2166507 
2166508 
2166509 
2166510 
2166511 
2166512 
2166513 
2166514 
2166515 
2166516 
2166517 
2166518 
2166519 
2166520 
2166521 
2166522 
2166523 
2166524 
2166525 
2166526 
2166527 
2166528 
2166529 
2166530 
2166531 
2166532 
2166533 
2166534 
2166535 
2166536 
2166537 
2166538 
2166539 
2166540 
2166541 
2166542 
2166543 
2166544 
2166545 
2166546 
2166547 
2166548 
2166549 
2166550 
2166551 
2166552 
2166553 
2166554 
2166555 
2166556 
2166557 
2166558 
2166559 
2166560 
2166561 
2166562 
2166563 
2166564 
2166565 
2166566 
2166567 
2166568 
2166569 
2166570 
2166571 
2166572 
2166573 
2166574 
2166575 
2166576 
2166577 
2166578 
2166579 
2166580 
2166581 
2166582 
2166583 
2166584 
2166585 
2166586 
2166587 
2166588 
2166589 
2166590 
2166591 
2166592 
2166593 
2166594 
2166595 
2166596 
2166597 
2166598 
2166599 
2166600 
2166601 
2166602 
2166603 
2166604 
2166605 
2166606 
2166607 
2166608 
2166609 
2166610 
2166611 
2166612 
2166613 
2166614 
2166615 
2166616 
2166617 
2166618 
2166619 
2166620 
2166621 
2166622 
2166623 
2166624 
2166625 
2166626 
2166627 
2166628 
2166629 
2166630 
2166631 
2166632 
2166633 
2166634 
2166635 
2166636 
2166637 
2166638 
2166639 
2166640 
2166641 
2166642 
2166643 
2166644 
2166645 
2166646 
2166647 
2166648 
2166649 
2166650 
2166651 
2166652 
2166653 
2166654 
2166655 
2166656 
2166657 
2166658 
2166659 
2166660 
2166661 
2166662 
2166663 
2166664 
2166665 
2166666 
2166667 
2166668 
2166669 
2166670 
2166671 
2166672 
2166673 
2166674 
2166675 
2166676 
2166677 
2166678 
2166679 
2166680 
2166681 
2166682 
2166683 
2166684 
2166685 
2166686 
2166687 
2166688 
2166689 
2166690 
2166691 
2166692 
2166693 
2166694 
2166695 
2166696 
2166697 
2166698 
2166699 
2166700 
2166701 
2166702 
2166703 
2166704 
2166705 
2166706 
2166707 
2166708 
2166709 
2166710 
2166711 
2166712 
2166713 
2166714 
2166715 
2166716 
2166717 
2166718 
2166719 
2166720 
2166721 
2166722 
2166723 
2166724 
2166725 
2166726 
2166727 
2166728 
2166729 
2166730 
2166731 
2166732 
2166733 
2166734 
2166735 
2166736 
2166737 
2166738 
2166739 
2166740 
2166741 
2166742 
2166743 
2166744 
2166745 
2166746 
2166747 
2166748 
2166749 
2166750 
2166751 
2166752 
2166753 
2166754 
2166755 
2166756 
2166757 
2166758 
2166759 
2166760 
2166761 
2166762 
2166763 
2166764 
2166765 
2166766 
2166767 
2166768 
2166769 
2166770 
2166771 
2166772 
2166773 
2166774 
2166775 
2166776 
2166777 
2166778 
2166779 
2166780 
2166781 
2166782 
2166783 
2166784 
2166785 
2166786 
2166787 
2166788 
2166789 
2166790 
2166791 
2166792 
2166793 
2166794 
2166795 
2166796 
2166797 
2166798 
2166799 
2166800 
2166801 
2166802 
2166803 
2166804 
2166805 
2166806 
2166807 
2166808 
2166809 
2166810 
2166811 
2166812 
2166813 
2166814 
2166815 
2166816 
2166817 
2166818 
2166819 
2166820 
2166821 
2166822 
2166823 
2166824 
2166825 
2166826 
2166827 
2166828 
2166829 
2166830 
2166831 
2166832 
2166833 
2166834 
2166835 
2166836 
2166837 
2166838 
2166839 
2166840 
2166841 
2166842 
2166843 
2166844 
2166845 
2166846 
2166847 
2166848 
2166849 
2166850 
2166851 
2166852 
2166853 
2166854 
2166855 
2166856 
2166857 
2166858 
2166859 
2166860 
2166861 
2166862 
2166863 
2166864 
2166865 
2166866 
2166867 
2166868 
2166869 
2166870 
2166871 
2166872 
2166873 
2166874 
2166875 
2166876 
2166877 
2166878 
2166879 
2166880 
2166881 
2166882 
2166883 
2166884 
2166885 
2166886 
2166887 
2166888 
2166889 
2166890 
2166891 
2166892 
2166893 
2166894 
2166895 
2166896 
2166897 
2166898 
2166899 
2166900 
2166901 
2166902 
2166903 
2166904 
2166905 
2166906 
2166907 
2166908 
2166909 
2166910 
2166911 
2166912 
2166913 
2166914 
2166915 
2166916 
2166917 
2166918 
2166919 
2166920 
2166921 
2166922 
2166923 
2166924 
2166925 
2166926 
2166927 
2166928 
2166929 
2166930 
2166931 
2166932 
2166933 
2166934 
2166935 
2166936 
2166937 
2166938 
2166939 
2166940 
2166941 
2166942 
2166943 
2166944 
2166945 
2166946 
2166947 
2166948 
2166949 
2166950 
2166951 
2166952 
2166953 
2166954 
2166955 
2166956 
2166957 
2166958 
2166959 
2166960 
2166961 
2166962 
2166963 
2166964 
2166965 
2166966 
2166967 
2166968 
2166969 
2166970 
2166971 
2166972 
2166973 
2166974 
2166975 
2166976 
2166977 
2166978 
2166979 
2166980 
2166981 
2166982 
2166983 
2166984 
2166985 
2166986 
2166987 
2166988 
2166989 
2166990 
2166991 
2166992 
2166993 
2166994 
2166995 
2166996 
2166997 
2166998 
2166999 
2167000 
2167001 
2167002 
2167003 
2167004 
2167005 
2167006 
2167007 
2167008 
2167009 
2167010 
2167011 
2167012 
2167013 
2167014 
2167015 
2167016 
2167017 
2167018 
2167019 
2167020 
2167021 
2167022 
2167023 
2167024 
2167025 
2167026 
2167027 
2167028 
2167029 
2167030 
2167031 
2167032 
2167033 
2167034 
2167035 
2167036 
2167037 
2167038 
2167039 
2167040 
2167041 
2167042 
2167043 
2167044 
2167045 
2167046 
2167047 
2167048 
2167049 
2167050 
2167051 
2167052 
2167053 
2167054 
2167055 
2167056 
2167057 
2167058 
2167059 
2167060 
2167061 
2167062 
2167063 
2167064 
2167065 
2167066 
2167067 
2167068 
2167069 
2167070 
2167071 
2167072 
2167073 
2167074 
2167075 
2167076 
2167077 
2167078 
2167079 
2167080 
2167081 
2167082 
2167083 
2167084 
2167085 
2167086 
2167087 
2167088 
2167089 
2167090 
2167091 
2167092 
2167093 
2167094 
2167095 
2167096 
2167097 
2167098 
2167099 
2167100 
2167101 
2167102 
2167103 
2167104 
2167105 
2167106 
2167107 
2167108 
2167109 
2167110 
2167111 
2167112 
2167113 
2167114 
2167115 
2167116 
2167117 
2167118 
2167119 
2167120 
2167121 
2167122 
2167123 
2167124 
2167125 
2167126 
2167127 
2167128 
2167129 
2167130 
2167131 
2167132 
2167133 
2167134 
2167135 
2167136 
2167137 
2167138 
2167139 
2167140 
2167141 
2167142 
2167143 
2167144 
2167145 
2167146 
2167147 
2167148 
2167149 
2167150 
2167151 
2167152 
2167153 
2167154 
2167155 
2167156 
2167157 
2167158 
2167159 
2167160 
2167161 
2167162 
2167163 
2167164 
2167165 
2167166 
2167167 
2167168 
2167169 
2167170 
2167171 
2167172 
2167173 
2167174 
2167175 
2167176 
2167177 
2167178 
2167179 
2167180 
2167181 
2167182 
2167183 
2167184 
2167185 
2167186 
2167187 
2167188 
2167189 
2167190 
2167191 
2167192 
2167193 
2167194 
2167195 
2167196 
2167197 
2167198 
2167199 
2167200 
2167201 
2167202 
2167203 
2167204 
2167205 
2167206 
2167207 
2167208 
2167209 
2167210 
2167211 
2167212 
2167213 
2167214 
2167215 
2167216 
2167217 
2167218 
2167219 
2167220 
2167221 
2167222 
2167223 
2167224 
2167225 
2167226 
2167227 
2167228 
2167229 
2167230 
2167231 
2167232 
2167233 
2167234 
2167235 
2167236 
2167237 
2167238 
2167239 
2167240 
2167241 
2167242 
2167243 
2167244 
2167245 
2167246 
2167247 
2167248 
2167249 
2167250 
2167251 
2167252 
2167253 
2167254 
2167255 
2167256 
2167257 
2167258 
2167259 
2167260 
2167261 
2167262 
2167263 
2167264 
2167265 
2167266 
2167267 
2167268 
2167269 
2167270 
2167271 
2167272 
2167273 
2167274 
2167275 
2167276 
2167277 
2167278 
2167279 
2167280 
2167281 
2167282 
2167283 
2167284 
2167285 
2167286 
2167287 
2167288 
2167289 
2167290 
2167291 
2167292 
2167293 
2167294 
2167295 
2167296 
2167297 
2167298 
2167299 
2167300 
2167301 
2167302 
2167303 
2167304 
2167305 
2167306 
2167307 
2167308 
2167309 
2167310 
2167311 
2167312 
2167313 
2167314 
2167315 
2167316 
2167317 
2167318 
2167319 
2167320 
2167321 
2167322 
2167323 
2167324 
2167325 
2167326 
2167327 
2167328 
2167329 
2167330 
2167331 
2167332 
2167333 
2167334 
2167335 
2167336 
2167337 
2167338 
2167339 
2167340 
2167341 
2167342 
2167343 
2167344 
2167345 
2167346 
2167347 
2167348 
2167349 
2167350 
2167351 
2167352 
2167353 
2167354 
2167355 
2162334 
2162335 
2162336 
2162337 
2162338 
2162339 
2162340 
2162341 
2162342 
2162343 
2162344 
2162345 
2162346 
2162347 
2162348 
2162349 
2162350 
2162351 
2162352 
2162353 
2162354 
2162355 
2162356 
2162357 
2162358 
2162359 
2162360 
2162361 
2162362 
2162363 
2162364 
2162365 
2162366 
2162367 
2162368 
2162369 
2162370 
2162371 
2162372 
2162373 
2162374 
2162375 
2162376 
2162377 
2162378 
2162379 
2162380 
2162381 
2162382 
2162383 
2162384 
2162385 
2162386 
2162387 
2162388 
2162389 
2162390 
2162391 
2162392 
2162393 
2162394 
2162395 
2162396 
2162397 
2162398 
2162399 
2162400 
2162401 
2162402 
2162403 
2162404 
2162405 
2162406 
2162407 
2162408 
2162409 
2162410 
2162411 
2162412 
2162413 
2162414 
2162415 
2162416 
2162417 
2162418 
2162419 
2162420 
2162421 
2162422 
2162423 
2162424 
2162425 
2162426 
2162427 
2162428 
2162429 
2162430 
2162431 
2162432 
2162433 
2162434 
2162435 
2162436 
2162437 
2162438 
2162439 
2162440 
2162441 
2162442 
2162443 
2162444 
2162445 
2162446 
2162447 
2162448 
2162449 
2162450 
2162451 
2162452 
2162453 
2162454 
2162455 
2162456 
2162457 
2162458 
2162459 
2162460 
2162461 
2162462 
2162463 
2162464 
2162465 
2162466 
2162467 
2162468 
2162469 
2162470 
2162471 
2162472 
2162473 
2162474 
2162475 
2162476 
2162477 
2162478 
2162479 
2162480 
2162481 
2162482 
2162483 
2162484 
2162485 
2162486 
2162487 
2162488 
2162489 
2162490 
2162491 
2162492 
2162493 
2162494 
2162495 
2162496 
2162497 
2162498 
2162499 
2162500 
2162501 
2162502 
2162503 
2162504 
2162505 
2162506 
2162507 
2162508 
2162509 
2162510 
2162511 
2162512 
2162513 
2162514 
2162515 
2162516 
2162517 
2162518 
2162519 
2162520 
2162521 
2162522 
2162523 
2162524 
2162525 
2162526 
2162527 
2162528 
2162529 
2162530 
2162531 
2162532 
2162533 
2162534 
2162535 
2162536 
2162537 
2162538 
2162539 
2162540 
2162541 
2162542 
2162543 
2162544 
2162545 
2162546 
2162547 
2162548 
2162549 
2162550 
2162551 
2162552 
2162553 
2162554 
2162555 
2162556 
2162557 
2162558 
2162559 
2162560 
2162561 
2162562 
2162563 
2162564 
2162565 
2162566 
2162567 
2162568 
2162569 
2162570 
2162571 
2162572 
2162573 
2162574 
2162575 
2162576 
2162577 
2162578 
2162579 
2162580 
2162581 
2162582 
2162583 
2162584 
2162585 
2162586 
2162587 
2162588 
2162589 
2162590 
2162591 
2162592 
2162593 
2162594 
2162595 
2162596 
2162597 
2162598 
2162599 
2162600 
2162601 
2162602 
2162603 
2162604 
2162605 
2162606 
2162607 
2162608 
2162609 
2162610 
2162611 
2162612 
2162613 
2162614 
2162615 
2162616 
2162617 
2162618 
2162619 
2162620 
2162621 
2162622 
2162623 
2162624 
2162625 
2162626 
2162627 
2162628 
2162629 
2162630 
2162631 
2162632 
2162633 
2162634 
2162635 
2162636 
2162637 
2162638 
2162639 
2162640 
2162641 
2162642 
2162643 
2162644 
2162645 
2162646 
2162647 
2162648 
2162649 
2162650 
2162651 
2162652 
2162653 
2162654 
2162655 
2162656 
2162657 
2162658 
2162659 
2162660 
2162661 
2162662 
2162663 
2162664 
2162665 
2162666 
2162667 
2162668 
2162669 
2162670 
2162671 
2162672 
2162673 
2162674 
2162675 
2162676 
2162677 
2162678 
2162679 
2162680 
2162681 
2162682 
2162683 
2162684 
2162685 
2162686 
2162687 
)

// ************************************************************************* //
