/*--------------------------------*- C++ -*----------------------------------*\
  =========                 |
  \\      /  F ield         | OpenFOAM: The Open Source CFD Toolbox
   \\    /   O peration     | Website:  https://openfoam.org
    \\  /    A nd           | Version:  6
     \\/     M anipulation  |
\*---------------------------------------------------------------------------*/
FoamFile
{
    version     2.0;
    format      binary;
    class       faceSet;
    location    "constant/polyMesh/sets";
    object      filter1;
}
// * * * * * * * * * * * * * * * * * * * * * * * * * * * * * * * * * * * * * //


438
(
2163778 
2163779 
2163780 
2163781 
2163782 
2163783 
2163784 
2163821 
2163822 
2163823 
2163824 
2163825 
2163826 
2163827 
2163828 
2163829 
2163830 
2163866 
2163867 
2163868 
2163869 
2163870 
2163871 
2163872 
2163873 
2163874 
2163875 
2163876 
2163877 
2163914 
2163915 
2163916 
2163917 
2163918 
2163919 
2163920 
2163921 
2163922 
2163923 
2163924 
2163925 
2163926 
2163962 
2163963 
2163964 
2163965 
2163966 
2163967 
2163968 
2163969 
2164009 
2164010 
2164011 
2164012 
2164057 
2164058 
2164103 
2164148 
2164193 
2164237 
2164280 
2164281 
2164282 
2164283 
2164327 
2164328 
2164329 
2164330 
2164331 
2164377 
2164378 
2164379 
2164380 
2164381 
2164382 
2164383 
2164384 
2164385 
2164386 
2164387 
2164388 
2164389 
2164434 
2164435 
2164436 
2164437 
2164438 
2164439 
2164440 
2164441 
2164442 
2164443 
2164444 
2164445 
2164489 
2164490 
2164491 
2164492 
2164493 
2164494 
2164495 
2164496 
2164497 
2164498 
2164499 
2164500 
2164544 
2164545 
2164546 
2164547 
2164548 
2164549 
2164550 
2164551 
2164552 
2164553 
2164554 
2164597 
2164598 
2164599 
2164600 
2164601 
2164602 
2164603 
2164604 
2164605 
2164606 
2164607 
2164637 
2164638 
2164639 
2164640 
2164641 
2164642 
2164643 
2164644 
2164645 
2164646 
2164647 
2164672 
2164673 
2164674 
2164675 
2164676 
2164677 
2164678 
2164679 
2164680 
2164681 
2164682 
2164683 
2164702 
2164703 
2164704 
2164705 
2164706 
2164707 
2164708 
2164709 
2164710 
2164711 
2164712 
2164729 
2164730 
2164731 
2164732 
2164733 
2164734 
2164735 
2164736 
2164737 
2164738 
2164739 
2164755 
2164756 
2164757 
2164758 
2164759 
2164760 
2164761 
2164762 
2164763 
2164764 
2164779 
2164780 
2164781 
2164782 
2164783 
2164784 
2164785 
2164786 
2164787 
2164788 
2164801 
2164802 
2164803 
2164804 
2164805 
2164806 
2164807 
2164808 
2164809 
2164810 
2164823 
2164824 
2164825 
2164826 
2164827 
2164828 
2164829 
2164830 
2164831 
2164832 
2164833 
2164846 
2164847 
2164848 
2164849 
2164850 
2164851 
2164852 
2164853 
2164854 
2164855 
2164869 
2164870 
2164871 
2164872 
2164873 
2164874 
2164875 
2164876 
2164877 
2164878 
2164879 
2164893 
2164894 
2164895 
2164896 
2164897 
2164898 
2164899 
2164900 
2164901 
2164902 
2164903 
2164917 
2164918 
2164919 
2164920 
2164921 
2164922 
2164923 
2164924 
2164925 
2164926 
2164927 
2164928 
2164929 
2164930 
2164946 
2164947 
2164948 
2164949 
2164950 
2164951 
2164952 
2164953 
2164954 
2164955 
2164956 
2164957 
2164958 
2164959 
2164960 
2164961 
2164979 
2164980 
2164981 
2164982 
2164983 
2164984 
2164985 
2164986 
2164987 
2164988 
2164989 
2164990 
2164991 
2164992 
2164993 
2164994 
2164995 
2164996 
2164997 
2164998 
2164999 
2165000 
2165001 
2165002 
2165003 
2165022 
2165023 
2165024 
2165025 
2165026 
2165027 
2165028 
2165029 
2165030 
2165031 
2165032 
2165033 
2165034 
2165035 
2165036 
2165037 
2165038 
2165039 
2165040 
2165041 
2165042 
2165043 
2165044 
2165045 
2165065 
2165066 
2165067 
2165068 
2165069 
2165070 
2165071 
2165072 
2165073 
2165074 
2165075 
2165076 
2165077 
2165078 
2165079 
2165080 
2165081 
2165082 
2165083 
2165084 
2165085 
2165086 
2165087 
2165109 
2165110 
2165111 
2165112 
2165113 
2165114 
2165115 
2165116 
2165117 
2165118 
2165119 
2165120 
2165121 
2165122 
2165123 
2165124 
2165125 
2165126 
2165127 
2165128 
2165129 
2165130 
2165156 
2165157 
2165158 
2165159 
2165160 
2165161 
2165162 
2165163 
2165164 
2165165 
2165166 
2165167 
2165168 
2165169 
2165170 
2165171 
2165172 
2165173 
2165174 
2165175 
2165207 
2165208 
2165209 
2165210 
2165211 
2165212 
2165213 
2165214 
2165215 
2165216 
2165217 
2165218 
2165219 
2165220 
2165221 
2165222 
2165223 
2165224 
2165262 
2165263 
2165264 
2165265 
2165266 
2165267 
2165268 
2165269 
2165270 
2165271 
2165272 
2165273 
2165274 
2165275 
2165276 
2165277 
2165326 
2165327 
2165328 
2165329 
2165330 
2165331 
2165332 
2165333 
2165334 
2165335 
2165336 
2165337 
2165338 
2165392 
)

// ************************************************************************* //
