/*--------------------------------*- C++ -*----------------------------------*\
| =========                 |                                                 |
| \\      /  F ield         | foam-extend: Open Source CFD                    |
|  \\    /   O peration     | Version:     4.0                                |
|   \\  /    A nd           | Web:         http://www.foam-extend.org         |
|    \\/     M anipulation  |                                                 |
\*---------------------------------------------------------------------------*/
FoamFile
{
    version     2.0;
    format      ascii;
    class       labelList;
    note        "nPoints: 21122 nAllPoints: 21122 nInternalFaces: 16822 nFaces: 38000 nAllFaces: 38000 nCells: 9137";
    location    "constant/polyMesh";
    object      neighbour;
}
// * * * * * * * * * * * * * * * * * * * * * * * * * * * * * * * * * * * * * //


16822
(
1
119
2
120
3
121
4
122
5
123
6
124
7
125
8
126
9
127
10
128
129
12
131
13
132
14
133
15
134
16
135
17
136
18
137
19
138
20
139
21
140
22
24
141
25
142
26
143
27
144
28
145
29
146
147
31
148
32
149
150
34
155
35
156
36
157
158
38
166
39
167
40
168
41
169
42
170
43
171
44
172
45
173
47
48
174
49
175
50
176
51
177
52
178
53
179
54
180
56
181
57
182
58
183
59
184
61
185
62
186
63
187
64
188
65
189
66
190
67
191
68
192
69
193
70
194
71
195
72
196
73
197
74
198
75
199
76
200
77
201
78
202
79
203
80
204
81
205
82
206
83
207
84
208
85
209
86
210
87
211
88
212
89
213
90
214
215
92
93
216
94
217
95
218
96
219
97
220
98
221
99
222
100
223
101
224
102
225
103
226
104
227
105
228
106
229
107
230
108
231
109
232
110
233
111
234
112
235
113
236
114
237
115
238
116
239
117
240
118
241
242
120
243
121
244
122
245
123
246
124
247
125
248
126
249
127
250
128
251
129
252
130
253
254
132
257
133
258
134
259
135
260
136
261
137
262
138
139
140
142
143
263
144
264
145
265
146
266
147
267
268
149
269
150
270
151
271
152
272
273
154
277
155
278
156
279
157
280
158
281
159
282
160
283
161
284
162
285
163
286
164
287
165
288
166
289
167
290
168
291
169
292
170
293
171
294
172
295
173
296
297
175
298
176
299
177
300
178
301
179
302
180
303
304
182
183
305
184
306
307
186
308
187
309
188
310
189
311
190
312
191
313
192
314
193
315
194
316
195
317
196
318
197
319
198
320
199
321
200
322
201
323
202
324
203
325
204
326
205
327
206
328
207
329
208
330
209
331
210
332
211
333
212
334
213
335
214
336
215
337
217
338
218
339
219
340
220
341
221
342
222
343
223
344
225
226
227
345
228
346
229
347
230
348
231
349
232
350
233
351
234
352
235
353
236
354
237
355
238
356
239
357
240
358
241
359
242
360
361
244
362
245
363
246
364
247
365
248
366
249
367
250
368
251
369
252
370
253
371
254
372
255
373
374
257
378
258
379
259
380
260
381
261
382
262
264
384
265
385
266
386
267
387
268
388
389
270
390
271
391
272
392
273
393
274
394
275
395
276
396
277
397
278
398
279
399
280
400
281
401
282
402
283
403
284
404
285
405
286
406
287
407
288
408
289
409
290
410
291
411
292
412
293
413
294
414
295
415
296
416
297
417
418
299
300
419
301
420
302
421
303
422
304
423
306
425
307
426
309
427
310
428
311
429
312
430
313
431
314
432
315
433
316
434
317
435
318
436
319
437
320
438
321
439
322
440
323
441
324
442
325
443
326
444
327
445
328
446
329
447
330
448
331
449
332
450
333
451
334
452
335
453
336
454
337
455
339
340
456
341
457
342
458
343
459
344
460
461
346
347
348
349
350
351
352
353
462
354
463
355
464
356
465
357
466
358
467
359
468
360
469
361
470
471
363
472
364
473
365
474
366
475
367
476
368
477
369
478
370
479
371
480
372
481
373
482
374
483
375
484
485
377
489
378
490
379
491
380
492
381
493
382
494
495
384
496
385
497
386
498
387
499
388
500
389
501
502
391
504
392
505
393
506
394
507
395
508
396
509
397
510
398
511
399
512
400
513
401
514
402
515
403
516
404
517
405
518
406
519
407
520
408
521
409
522
410
523
411
524
412
525
413
526
414
527
415
528
416
529
417
530
418
531
420
532
421
533
422
534
423
535
425
536
426
537
538
428
539
429
540
430
541
431
542
432
543
433
544
434
545
435
436
437
546
438
547
439
548
440
549
441
550
442
551
443
552
444
553
445
554
446
555
447
556
448
557
449
558
450
559
451
560
452
561
453
562
454
563
455
564
457
565
458
566
459
567
460
568
461
569
463
464
570
465
571
466
572
467
573
468
574
469
575
470
576
471
577
578
473
579
474
580
475
581
476
582
477
583
478
584
479
585
480
586
481
587
482
588
483
589
484
590
485
591
486
592
487
593
488
594
489
595
490
596
491
597
492
598
493
599
494
600
495
601
602
497
605
498
606
499
607
500
608
501
609
502
610
611
504
613
505
614
506
615
507
616
508
617
509
618
510
619
511
620
512
621
513
622
514
623
515
624
516
625
517
626
518
627
519
628
520
629
521
630
522
631
523
632
524
633
525
634
526
635
527
636
528
637
529
638
530
639
531
640
641
533
642
534
643
535
644
645
537
647
538
648
540
649
541
650
542
651
543
652
544
653
545
654
547
548
549
655
550
656
551
657
552
658
553
659
554
660
555
661
556
662
557
663
558
664
559
665
560
666
561
667
562
668
563
669
564
670
671
566
567
672
568
673
569
674
675
571
676
572
677
573
678
574
679
575
680
576
681
577
682
578
683
684
580
685
581
686
582
687
583
688
584
689
585
690
586
691
587
692
588
693
589
694
590
695
591
696
592
697
593
698
594
699
595
700
596
701
597
702
598
703
599
704
600
705
601
706
602
707
603
708
709
605
718
606
719
607
720
608
721
609
722
610
723
611
724
612
725
726
614
731
615
732
616
733
617
734
618
735
619
736
620
737
621
738
622
739
623
624
625
626
627
740
628
741
629
742
630
743
631
744
632
745
633
746
634
747
635
748
636
749
637
750
638
751
639
752
640
753
641
754
643
755
644
756
645
757
758
647
764
648
765
766
650
767
651
768
652
769
653
770
654
771
772
656
657
658
773
659
774
660
775
661
776
662
777
663
778
664
779
665
666
667
668
669
670
780
671
781
782
673
783
674
784
675
785
786
677
787
678
788
679
789
680
790
681
791
682
792
683
793
684
794
795
686
796
687
797
688
798
689
799
690
800
691
801
692
802
693
803
694
804
695
805
696
806
697
807
698
808
699
809
700
810
701
811
702
812
703
813
704
814
705
815
706
816
707
817
708
818
709
819
710
820
711
821
712
822
713
823
714
824
715
825
826
717
831
718
832
719
833
720
834
721
835
722
836
723
837
724
838
725
839
726
840
727
841
728
842
729
843
844
731
850
732
851
733
852
734
853
735
854
736
855
737
856
738
857
739
858
741
742
743
859
744
860
745
861
746
862
747
863
748
864
749
865
750
866
751
867
752
868
753
869
754
870
871
756
757
872
758
873
874
760
878
761
879
762
880
763
881
764
882
765
883
766
884
885
768
886
769
887
770
888
771
889
772
890
774
775
776
777
778
779
781
782
891
892
784
895
785
896
786
897
898
788
899
789
900
790
901
791
902
792
903
793
904
794
905
795
906
907
797
908
798
909
799
910
800
911
801
912
802
913
803
914
804
915
805
806
916
807
917
808
918
809
919
810
920
811
921
812
922
813
923
814
924
815
925
816
926
817
927
818
928
819
929
820
930
821
931
822
932
823
933
824
934
825
935
826
936
827
937
828
938
939
830
946
831
947
832
948
833
949
834
950
835
951
836
952
837
953
838
954
839
955
840
956
841
957
842
958
843
959
844
960
845
961
846
962
847
963
848
964
965
850
975
851
976
852
977
853
978
854
979
855
980
856
981
857
982
858
983
984
860
985
861
986
862
987
863
988
864
989
865
990
866
991
867
992
868
993
869
994
870
995
871
996
997
873
998
874
999
1000
876
1004
877
1005
878
1006
879
1007
880
1008
881
1009
882
1010
883
1011
884
1012
885
1013
887
1014
888
1015
889
1016
890
1017
892
1018
893
1019
1020
895
1024
896
1025
897
1026
898
1027
1028
900
1030
901
1031
902
1032
903
1033
904
1034
905
1035
906
1036
907
1037
1038
909
1039
910
1040
911
1041
912
1042
913
1043
914
1044
915
1045
1046
917
918
919
920
921
922
1047
923
1048
924
1049
925
1050
926
1051
927
1052
928
1053
929
1054
930
1055
931
1056
932
1057
933
1058
934
1059
935
1060
936
1061
937
1062
938
1063
939
1064
940
1065
941
1066
942
1067
943
1068
1069
945
1081
946
1082
947
1083
948
1084
949
1085
950
1086
951
1087
952
1088
953
1089
954
1090
955
1091
956
1092
957
1093
958
1094
959
1095
960
1096
961
1097
962
1098
963
1099
964
1100
965
1101
966
1102
967
1103
968
1104
969
1105
970
1106
971
1107
972
1108
973
1109
974
1110
975
1111
976
1112
977
1113
978
1114
979
1115
980
1116
981
1117
982
1118
983
1119
984
1120
1121
986
1122
987
1123
988
1124
989
1125
990
1126
991
1127
992
1128
993
1129
994
1130
995
1131
996
1132
997
1133
1134
999
1136
1000
1137
1001
1138
1139
1003
1141
1004
1142
1005
1143
1006
1144
1007
1145
1008
1146
1009
1147
1010
1148
1011
1149
1012
1150
1013
1151
1152
1015
1153
1016
1154
1017
1155
1156
1019
1157
1020
1158
1021
1159
1160
1023
1164
1024
1165
1025
1166
1026
1167
1027
1168
1028
1169
1170
1030
1172
1031
1173
1032
1174
1033
1175
1034
1176
1035
1177
1036
1178
1037
1179
1038
1180
1181
1040
1182
1041
1183
1042
1184
1043
1185
1044
1186
1045
1187
1046
1188
1048
1049
1189
1050
1190
1051
1191
1052
1192
1053
1193
1054
1194
1055
1195
1056
1196
1057
1197
1058
1198
1059
1199
1060
1200
1061
1201
1062
1202
1063
1203
1064
1204
1065
1205
1066
1206
1067
1207
1068
1208
1069
1209
1070
1210
1071
1211
1072
1212
1073
1213
1074
1214
1075
1215
1076
1216
1077
1217
1078
1218
1079
1219
1080
1220
1081
1221
1082
1222
1083
1223
1084
1224
1085
1225
1086
1226
1087
1227
1088
1228
1089
1229
1090
1230
1091
1231
1092
1232
1093
1233
1094
1234
1095
1235
1096
1236
1097
1237
1098
1238
1099
1239
1100
1240
1101
1241
1102
1242
1103
1243
1104
1244
1105
1245
1106
1246
1107
1247
1108
1248
1109
1249
1110
1250
1111
1251
1112
1252
1113
1253
1114
1254
1115
1255
1116
1256
1117
1257
1118
1258
1119
1259
1120
1260
1121
1261
1123
1263
1124
1264
1125
1265
1126
1266
1127
1267
1128
1268
1129
1269
1130
1270
1131
1271
1132
1272
1133
1273
1134
1274
1135
1275
1276
1137
1277
1138
1278
1139
1279
1280
1141
1283
1142
1284
1143
1285
1144
1286
1145
1287
1146
1288
1147
1289
1148
1290
1149
1291
1150
1292
1151
1293
1152
1294
1154
1155
1295
1156
1296
1297
1158
1299
1159
1300
1160
1301
1161
1302
1303
1163
1311
1164
1312
1165
1313
1166
1314
1167
1315
1168
1316
1169
1317
1170
1318
1319
1172
1323
1173
1324
1174
1325
1175
1326
1176
1327
1177
1328
1178
1329
1179
1330
1180
1331
1181
1332
1333
1183
1334
1184
1335
1185
1336
1186
1337
1187
1338
1188
1339
1340
1190
1191
1341
1192
1342
1193
1343
1194
1344
1195
1345
1196
1346
1197
1347
1198
1348
1199
1349
1200
1350
1201
1351
1202
1352
1203
1353
1204
1354
1205
1355
1206
1356
1207
1357
1208
1358
1209
1359
1210
1360
1211
1361
1212
1362
1213
1363
1214
1364
1215
1365
1216
1366
1217
1367
1218
1368
1219
1369
1220
1370
1221
1371
1222
1372
1223
1373
1224
1374
1225
1375
1226
1376
1227
1377
1228
1378
1229
1379
1230
1380
1231
1381
1232
1382
1233
1383
1234
1384
1235
1385
1236
1386
1237
1387
1238
1388
1239
1389
1240
1390
1241
1391
1242
1392
1243
1393
1244
1394
1245
1395
1246
1396
1247
1397
1248
1398
1249
1399
1250
1400
1251
1401
1252
1402
1253
1403
1254
1404
1255
1405
1256
1406
1257
1407
1258
1408
1259
1409
1260
1410
1261
1411
1412
1263
1413
1264
1414
1265
1415
1266
1416
1267
1417
1268
1418
1269
1419
1270
1420
1271
1421
1272
1422
1273
1423
1274
1424
1275
1425
1276
1426
1427
1278
1437
1279
1438
1280
1439
1440
1282
1446
1283
1447
1284
1448
1285
1449
1286
1450
1287
1451
1288
1452
1289
1453
1290
1454
1291
1455
1292
1456
1293
1457
1294
1458
1459
1296
1460
1297
1461
1462
1299
1464
1300
1465
1301
1466
1302
1467
1303
1468
1304
1469
1305
1470
1306
1471
1307
1472
1308
1473
1309
1474
1310
1475
1311
1476
1312
1477
1313
1478
1314
1479
1315
1480
1316
1481
1317
1482
1318
1483
1319
1484
1320
1485
1486
1322
1488
1323
1489
1324
1490
1325
1491
1326
1492
1327
1493
1328
1494
1329
1495
1330
1496
1331
1497
1332
1498
1333
1499
1500
1335
1501
1336
1502
1337
1503
1338
1504
1339
1505
1340
1506
1507
1342
1509
1343
1510
1344
1511
1345
1512
1346
1513
1347
1514
1348
1515
1349
1516
1350
1517
1351
1518
1352
1519
1353
1520
1354
1521
1355
1522
1356
1357
1358
1359
1360
1361
1362
1363
1523
1364
1524
1365
1525
1366
1526
1367
1527
1368
1528
1369
1529
1370
1530
1371
1531
1372
1532
1373
1533
1374
1534
1375
1535
1376
1536
1377
1537
1378
1538
1379
1539
1380
1540
1381
1541
1382
1542
1383
1543
1384
1544
1385
1386
1387
1388
1389
1390
1391
1392
1393
1394
1395
1545
1396
1546
1397
1547
1398
1548
1399
1549
1400
1550
1401
1551
1402
1552
1403
1553
1404
1554
1405
1555
1406
1556
1407
1557
1408
1558
1409
1559
1410
1560
1411
1561
1412
1562
1563
1414
1564
1415
1565
1416
1566
1417
1567
1418
1568
1419
1569
1420
1570
1421
1571
1422
1572
1423
1573
1424
1574
1425
1575
1426
1576
1427
1577
1428
1578
1579
1430
1581
1431
1582
1432
1583
1433
1584
1434
1585
1435
1586
1587
1437
1593
1438
1594
1439
1595
1440
1596
1441
1597
1442
1598
1443
1599
1444
1600
1445
1601
1446
1602
1447
1603
1448
1604
1449
1605
1450
1606
1451
1607
1452
1608
1453
1609
1454
1610
1455
1611
1456
1612
1457
1613
1458
1614
1459
1615
1461
1616
1462
1617
1463
1618
1619
1465
1620
1466
1621
1467
1622
1468
1623
1469
1624
1470
1625
1471
1626
1472
1627
1473
1628
1474
1629
1475
1630
1476
1631
1477
1632
1478
1633
1479
1634
1480
1635
1481
1636
1482
1637
1483
1638
1484
1639
1485
1640
1486
1641
1642
1488
1649
1489
1650
1490
1651
1491
1652
1492
1653
1493
1654
1494
1655
1495
1656
1496
1657
1497
1658
1498
1659
1499
1660
1500
1661
1662
1502
1663
1503
1664
1504
1665
1505
1666
1506
1667
1507
1668
1669
1509
1671
1510
1672
1511
1673
1512
1674
1513
1675
1514
1676
1515
1677
1516
1678
1517
1679
1518
1680
1519
1681
1520
1682
1521
1683
1522
1524
1525
1684
1526
1685
1527
1686
1528
1687
1529
1688
1530
1689
1531
1690
1532
1691
1533
1692
1534
1693
1535
1694
1536
1695
1537
1696
1538
1697
1539
1698
1540
1699
1541
1700
1542
1701
1543
1544
1546
1547
1548
1702
1549
1703
1550
1704
1551
1705
1552
1706
1553
1707
1554
1708
1555
1709
1556
1710
1557
1711
1558
1712
1559
1713
1560
1714
1561
1715
1562
1716
1563
1717
1565
1718
1566
1719
1567
1720
1568
1721
1569
1722
1570
1723
1571
1724
1572
1725
1573
1726
1574
1727
1575
1728
1576
1729
1577
1730
1578
1731
1579
1732
1733
1581
1737
1582
1738
1583
1739
1584
1740
1585
1741
1586
1742
1587
1743
1588
1744
1589
1745
1590
1746
1591
1747
1592
1748
1593
1749
1594
1750
1595
1751
1596
1752
1597
1753
1598
1754
1599
1755
1600
1756
1601
1757
1602
1758
1603
1759
1604
1760
1605
1761
1606
1762
1607
1763
1608
1764
1609
1765
1610
1766
1611
1767
1612
1768
1613
1769
1614
1770
1615
1771
1772
1617
1775
1618
1776
1619
1777
1778
1621
1781
1622
1782
1623
1783
1624
1784
1625
1785
1626
1786
1627
1787
1628
1788
1629
1630
1631
1632
1633
1789
1634
1790
1635
1791
1636
1792
1637
1793
1638
1794
1639
1795
1640
1796
1641
1797
1642
1798
1643
1799
1644
1800
1645
1801
1646
1802
1647
1803
1648
1804
1649
1805
1650
1806
1651
1807
1652
1808
1653
1809
1654
1810
1655
1811
1656
1812
1657
1813
1658
1814
1659
1815
1660
1816
1661
1817
1662
1818
1819
1664
1820
1665
1821
1666
1822
1667
1823
1668
1824
1669
1825
1826
1671
1829
1672
1830
1673
1831
1674
1832
1675
1833
1676
1834
1677
1835
1678
1836
1679
1837
1680
1838
1681
1839
1682
1840
1683
1685
1686
1841
1687
1842
1688
1843
1689
1844
1690
1845
1691
1846
1692
1847
1693
1848
1694
1849
1695
1850
1696
1851
1697
1852
1698
1853
1699
1854
1700
1855
1701
1703
1704
1856
1705
1857
1706
1858
1707
1859
1708
1860
1709
1861
1710
1862
1711
1863
1712
1864
1713
1865
1714
1866
1715
1867
1716
1868
1717
1869
1870
1719
1720
1871
1721
1872
1722
1873
1723
1874
1724
1875
1725
1876
1726
1877
1727
1878
1728
1879
1729
1880
1730
1881
1731
1882
1732
1883
1733
1884
1734
1885
1886
1736
1890
1737
1891
1738
1892
1739
1893
1740
1894
1741
1895
1742
1896
1743
1897
1744
1898
1745
1899
1746
1900
1747
1901
1748
1902
1749
1903
1750
1904
1751
1905
1752
1906
1753
1907
1754
1908
1755
1909
1756
1910
1757
1911
1758
1912
1759
1913
1760
1914
1761
1915
1762
1916
1763
1917
1764
1918
1765
1919
1766
1920
1767
1921
1768
1922
1769
1923
1770
1924
1771
1925
1772
1926
1773
1927
1928
1775
1934
1776
1935
1777
1936
1778
1937
1779
1938
1939
1781
1940
1782
1941
1783
1942
1784
1943
1785
1944
1786
1945
1787
1946
1788
1947
1790
1791
1792
1793
1948
1794
1949
1795
1950
1796
1951
1797
1952
1798
1953
1799
1954
1800
1955
1801
1956
1802
1957
1803
1958
1804
1959
1805
1960
1806
1961
1807
1962
1808
1963
1809
1964
1810
1965
1811
1966
1812
1967
1813
1968
1814
1969
1815
1970
1816
1971
1817
1972
1818
1973
1819
1974
1975
1821
1976
1822
1977
1823
1978
1824
1979
1825
1980
1826
1981
1827
1982
1983
1829
1988
1830
1989
1831
1990
1832
1991
1833
1992
1834
1993
1835
1994
1836
1995
1837
1996
1838
1997
1839
1998
1840
1999
1842
1843
2000
1844
2001
1845
2002
1846
2003
1847
2004
1848
2005
1849
2006
1850
2007
1851
2008
1852
2009
1853
2010
1854
2011
1855
2012
1857
2013
1858
2014
1859
2015
1860
2016
1861
2017
1862
2018
1863
2019
1864
2020
1865
2021
1866
2022
1867
2023
1868
2024
1869
2025
1870
2026
2027
1872
1873
2028
1874
2029
1875
2030
1876
2031
1877
2032
1878
2033
1879
2034
1880
2035
1881
2036
1882
2037
1883
2038
1884
2039
1885
2040
1886
2041
1887
2042
1888
2043
1889
2044
1890
2045
1891
2046
1892
2047
1893
2048
1894
2049
1895
2050
1896
2051
1897
2052
1898
2053
1899
2054
1900
2055
1901
2056
1902
2057
1903
2058
1904
2059
1905
2060
1906
2061
1907
2062
1908
2063
1909
2064
1910
2065
1911
2066
1912
1913
1914
1915
1916
1917
1918
2067
1919
2068
1920
2069
1921
2070
1922
2071
1923
2072
1924
2073
1925
2074
1926
2075
1927
2076
1928
2077
1929
2078
1930
2079
2080
1932
2084
1933
2085
1934
2086
1935
2087
1936
2088
1937
2089
1938
2090
1939
2091
2092
1941
2094
1942
2095
1943
2096
1944
2097
1945
2098
1946
2099
1947
2100
1949
1950
1951
2101
1952
2102
1953
2103
1954
2104
1955
2105
1956
2106
1957
2107
1958
2108
1959
2109
1960
2110
1961
2111
1962
2112
1963
2113
1964
2114
1965
2115
1966
2116
1967
2117
1968
2118
1969
2119
1970
2120
1971
2121
1972
2122
1973
2123
1974
2124
1975
2125
2126
1977
2127
1978
2128
1979
2129
1980
2130
1981
2131
1982
2132
1983
2133
1984
2134
2135
1986
2137
1987
2138
1988
2139
1989
2140
1990
2141
1991
2142
1992
2143
1993
2144
1994
2145
1995
2146
1996
2147
1997
2148
1998
2149
1999
2150
2001
2151
2002
2152
2003
2153
2004
2154
2005
2155
2006
2156
2007
2157
2008
2158
2009
2010
2011
2012
2014
2015
2159
2016
2160
2017
2161
2018
2162
2019
2163
2020
2164
2021
2165
2022
2166
2023
2167
2024
2168
2025
2169
2026
2170
2027
2171
2172
2029
2030
2031
2173
2032
2174
2033
2175
2034
2176
2035
2177
2036
2178
2037
2179
2038
2180
2039
2181
2040
2182
2041
2183
2042
2184
2043
2185
2044
2186
2045
2187
2046
2188
2047
2189
2048
2190
2049
2191
2050
2051
2052
2192
2053
2193
2054
2194
2055
2195
2056
2196
2057
2197
2058
2198
2059
2199
2060
2200
2061
2201
2062
2202
2063
2203
2064
2204
2065
2205
2066
2068
2069
2070
2071
2206
2072
2207
2073
2208
2074
2209
2075
2210
2076
2211
2077
2212
2078
2213
2079
2214
2080
2215
2081
2216
2082
2217
2083
2218
2084
2219
2085
2220
2086
2221
2087
2222
2088
2223
2089
2224
2090
2225
2091
2226
2092
2227
2228
2094
2231
2095
2232
2096
2233
2097
2234
2098
2235
2099
2236
2100
2237
2238
2102
2103
2104
2105
2239
2106
2240
2107
2241
2108
2242
2109
2243
2110
2244
2111
2245
2112
2246
2113
2247
2114
2248
2115
2249
2116
2250
2117
2251
2118
2252
2119
2253
2120
2254
2121
2255
2122
2256
2123
2257
2124
2258
2125
2259
2126
2260
2261
2128
2262
2129
2263
2130
2264
2131
2265
2132
2266
2133
2267
2134
2268
2135
2269
2136
2270
2137
2271
2138
2272
2139
2273
2140
2274
2141
2275
2142
2276
2143
2277
2144
2278
2145
2279
2146
2280
2147
2281
2148
2282
2149
2283
2150
2152
2284
2153
2285
2154
2286
2155
2287
2156
2288
2157
2289
2158
2290
2291
2160
2292
2161
2293
2162
2294
2163
2295
2164
2296
2165
2297
2166
2298
2167
2299
2168
2300
2169
2301
2170
2302
2171
2303
2172
2304
2305
2174
2175
2176
2306
2177
2307
2178
2308
2179
2309
2180
2310
2181
2311
2182
2312
2183
2313
2184
2314
2185
2315
2186
2316
2187
2317
2188
2318
2189
2319
2190
2191
2193
2194
2195
2320
2196
2321
2197
2322
2198
2323
2199
2324
2200
2325
2201
2326
2202
2327
2203
2328
2204
2329
2205
2330
2331
2207
2208
2332
2209
2333
2210
2334
2211
2335
2212
2336
2213
2337
2214
2338
2215
2339
2216
2340
2217
2341
2218
2342
2219
2343
2220
2344
2221
2345
2222
2346
2223
2347
2224
2348
2225
2349
2226
2350
2227
2351
2228
2352
2229
2353
2354
2231
2358
2232
2359
2233
2360
2234
2361
2235
2362
2236
2363
2237
2364
2238
2365
2366
2240
2241
2242
2243
2244
2245
2246
2367
2247
2368
2248
2369
2249
2370
2250
2371
2251
2372
2252
2373
2253
2374
2254
2375
2255
2376
2256
2377
2257
2378
2258
2379
2259
2380
2260
2381
2261
2382
2383
2263
2384
2264
2385
2265
2386
2266
2387
2267
2388
2268
2389
2269
2390
2270
2391
2271
2392
2272
2393
2273
2394
2274
2395
2275
2396
2276
2397
2277
2398
2278
2399
2279
2400
2280
2401
2281
2402
2282
2403
2283
2285
2286
2404
2287
2405
2288
2406
2289
2407
2290
2408
2291
2409
2410
2293
2411
2294
2412
2295
2413
2296
2414
2297
2415
2298
2416
2299
2417
2300
2418
2301
2419
2302
2420
2303
2421
2304
2422
2305
2423
2424
2307
2308
2426
2309
2427
2310
2428
2311
2429
2312
2430
2313
2431
2314
2432
2315
2433
2316
2434
2317
2435
2318
2436
2319
2437
2321
2322
2323
2438
2324
2439
2325
2440
2326
2441
2327
2442
2328
2443
2329
2444
2330
2445
2331
2446
2333
2334
2447
2335
2448
2336
2449
2337
2450
2338
2451
2339
2452
2340
2453
2341
2342
2454
2343
2455
2344
2456
2345
2457
2346
2458
2347
2459
2348
2460
2349
2461
2350
2462
2351
2463
2352
2464
2353
2465
2354
2466
2355
2467
2468
2357
2481
2358
2482
2359
2483
2360
2484
2361
2485
2362
2486
2363
2487
2364
2488
2365
2489
2366
2490
2491
2368
2369
2370
2371
2492
2372
2493
2373
2494
2374
2495
2375
2496
2376
2497
2377
2498
2378
2499
2379
2500
2380
2501
2381
2502
2382
2503
2383
2504
2505
2385
2506
2386
2507
2387
2508
2388
2509
2389
2510
2390
2511
2391
2512
2392
2513
2393
2514
2394
2515
2395
2516
2396
2517
2397
2518
2398
2519
2399
2520
2400
2521
2401
2522
2402
2523
2403
2524
2405
2525
2406
2526
2407
2527
2408
2528
2409
2529
2410
2530
2531
2412
2532
2413
2533
2414
2534
2415
2535
2416
2536
2417
2537
2418
2538
2419
2539
2420
2540
2421
2541
2422
2542
2423
2543
2424
2544
2425
2545
2546
2427
2547
2428
2548
2429
2549
2430
2550
2431
2551
2432
2552
2433
2553
2434
2554
2435
2555
2436
2556
2437
2439
2440
2557
2441
2558
2442
2559
2443
2560
2444
2561
2445
2562
2446
2563
2448
2449
2564
2450
2565
2451
2566
2452
2567
2453
2455
2456
2457
2568
2458
2569
2459
2570
2460
2571
2461
2572
2462
2573
2463
2574
2464
2575
2465
2576
2466
2577
2467
2578
2468
2579
2469
2580
2470
2581
2471
2582
2472
2583
2473
2584
2474
2585
2475
2586
2476
2587
2477
2588
2478
2589
2479
2590
2480
2591
2481
2592
2482
2593
2483
2594
2484
2595
2485
2596
2486
2597
2487
2598
2488
2599
2489
2600
2490
2601
2491
2602
2603
2493
2494
2604
2495
2605
2496
2606
2497
2607
2498
2608
2499
2609
2500
2610
2501
2611
2502
2612
2503
2613
2504
2614
2505
2615
2616
2507
2617
2508
2618
2509
2619
2510
2620
2511
2621
2512
2622
2513
2623
2514
2624
2515
2625
2516
2626
2517
2627
2518
2628
2519
2629
2520
2630
2521
2631
2522
2632
2523
2633
2524
2634
2635
2526
2637
2527
2638
2528
2639
2529
2640
2530
2641
2531
2642
2643
2533
2646
2534
2647
2535
2648
2536
2649
2537
2650
2538
2651
2539
2652
2540
2653
2541
2654
2542
2655
2543
2656
2544
2657
2545
2658
2546
2659
2660
2548
2663
2549
2664
2550
2665
2551
2666
2552
2667
2553
2668
2554
2669
2555
2670
2556
2558
2559
2671
2560
2672
2561
2673
2562
2674
2563
2675
2676
2565
2678
2566
2679
2567
2680
2681
2569
2570
2682
2571
2683
2572
2684
2573
2685
2574
2686
2575
2687
2576
2688
2577
2689
2578
2690
2579
2691
2580
2692
2581
2693
2582
2694
2583
2695
2584
2696
2585
2697
2586
2698
2587
2699
2588
2700
2589
2701
2590
2702
2591
2703
2592
2704
2593
2705
2594
2706
2595
2707
2596
2708
2597
2709
2598
2710
2599
2711
2600
2712
2601
2713
2602
2714
2603
2715
2716
2605
2719
2606
2720
2607
2721
2608
2722
2609
2723
2610
2724
2611
2725
2612
2726
2613
2727
2614
2728
2615
2729
2616
2730
2731
2618
2732
2619
2733
2620
2734
2621
2735
2622
2736
2623
2737
2624
2738
2625
2739
2626
2740
2627
2741
2628
2742
2629
2743
2630
2744
2631
2745
2632
2746
2633
2747
2634
2748
2635
2749
2636
2750
2751
2638
2752
2639
2753
2640
2754
2641
2755
2642
2756
2643
2757
2644
2758
2645
2759
2760
2647
2763
2648
2764
2649
2765
2650
2766
2651
2767
2652
2768
2653
2769
2654
2655
2656
2657
2658
2659
2660
2770
2661
2771
2662
2772
2773
2664
2775
2665
2776
2666
2777
2667
2778
2668
2779
2669
2780
2670
2781
2672
2782
2673
2783
2674
2784
2675
2785
2676
2786
2787
2678
2788
2679
2789
2680
2790
2681
2791
2792
2683
2684
2793
2685
2794
2686
2795
2687
2796
2688
2797
2689
2798
2690
2799
2691
2800
2692
2801
2693
2802
2694
2803
2695
2804
2696
2805
2697
2806
2698
2699
2700
2701
2702
2703
2704
2705
2706
2707
2708
2709
2710
2711
2712
2807
2713
2808
2714
2809
2715
2810
2716
2811
2717
2812
2718
2813
2814
2720
2816
2721
2817
2722
2818
2723
2819
2724
2820
2725
2821
2726
2822
2727
2823
2728
2824
2729
2825
2730
2826
2731
2827
2828
2733
2829
2734
2830
2735
2831
2736
2832
2737
2833
2738
2834
2739
2835
2836
2741
2742
2837
2743
2838
2744
2839
2745
2840
2746
2841
2747
2842
2748
2843
2749
2844
2750
2845
2751
2846
2847
2753
2849
2754
2850
2755
2851
2756
2852
2757
2853
2758
2854
2759
2855
2760
2856
2761
2857
2762
2858
2859
2764
2864
2765
2865
2766
2866
2767
2867
2768
2868
2769
2771
2772
2773
2869
2774
2870
2871
2776
2876
2777
2877
2778
2878
2779
2879
2780
2880
2781
2783
2784
2881
2785
2882
2786
2883
2787
2884
2885
2789
2888
2790
2889
2791
2890
2792
2891
2794
2892
2795
2893
2796
2894
2797
2895
2798
2896
2799
2897
2800
2898
2801
2899
2802
2803
2804
2805
2806
2808
2809
2810
2811
2812
2900
2813
2901
2814
2902
2815
2903
2904
2817
2906
2818
2907
2819
2908
2820
2909
2821
2910
2822
2911
2823
2912
2824
2913
2825
2914
2826
2915
2827
2916
2828
2917
2918
2830
2919
2831
2920
2832
2921
2833
2922
2834
2923
2835
2924
2836
2925
2926
2838
2839
2927
2840
2928
2841
2842
2843
2929
2844
2930
2845
2931
2846
2932
2847
2933
2848
2934
2935
2850
2943
2851
2944
2852
2945
2853
2946
2854
2947
2855
2948
2856
2949
2857
2950
2858
2951
2859
2952
2860
2953
2861
2954
2862
2955
2956
2864
2961
2865
2962
2866
2963
2867
2964
2868
2870
2871
2965
2872
2966
2873
2967
2874
2968
2969
2876
2972
2877
2973
2878
2974
2879
2975
2880
2882
2976
2883
2977
2884
2978
2885
2979
2886
2980
2981
2888
2983
2889
2984
2890
2985
2891
2986
2987
2893
2894
2988
2895
2989
2896
2990
2897
2991
2898
2992
2899
2993
2901
2902
2994
2903
2995
2904
2996
2905
2997
2998
2907
3001
2908
3002
2909
3003
2910
3004
2911
3005
2912
3006
2913
3007
2914
3008
2915
3009
2916
3010
2917
3011
2918
3012
3013
2920
3014
2921
3015
2922
3016
2923
3017
2924
3018
2925
3019
2926
3020
2928
2930
2931
3021
2932
3022
2933
3023
2934
3024
2935
3025
2936
3026
2937
3027
2938
3028
2939
3029
2940
3030
2941
3031
2942
3032
3033
2944
3037
2945
3038
2946
3039
2947
3040
2948
3041
2949
3042
2950
3043
2951
3044
2952
3045
2953
3046
2954
3047
2955
3048
2956
3049
2957
3050
2958
3051
2959
3052
3053
2961
3067
2962
3068
2963
3069
2964
3070
2966
2967
3071
2968
3072
2969
3073
2970
3074
2971
3075
3076
2973
3080
2974
3081
2975
3082
2977
3083
2978
3084
2979
3085
2980
3086
2981
3087
2982
3088
3089
2984
3092
2985
3093
2986
3094
2987
3095
3096
2989
3097
2990
3098
2991
3099
2992
3100
2993
3101
2995
2996
3102
2997
3103
2998
3104
2999
3105
3106
3001
3109
3002
3110
3003
3111
3004
3112
3005
3113
3006
3114
3007
3115
3008
3116
3009
3117
3010
3118
3011
3119
3012
3120
3013
3121
3122
3015
3123
3016
3124
3017
3125
3018
3126
3019
3127
3020
3128
3129
3022
3130
3023
3131
3024
3132
3025
3133
3026
3134
3027
3135
3028
3136
3029
3137
3030
3138
3031
3139
3032
3140
3033
3141
3034
3142
3035
3143
3144
3037
3149
3038
3150
3039
3151
3040
3152
3041
3153
3042
3154
3043
3155
3044
3156
3045
3157
3046
3158
3047
3159
3048
3160
3049
3161
3050
3162
3051
3163
3052
3164
3053
3165
3054
3166
3055
3167
3056
3168
3057
3169
3058
3170
3059
3171
3060
3172
3061
3173
3062
3174
3063
3175
3064
3176
3065
3177
3066
3178
3067
3179
3068
3180
3069
3181
3070
3072
3073
3182
3074
3183
3075
3184
3076
3185
3077
3186
3078
3187
3188
3080
3191
3081
3192
3082
3084
3193
3085
3194
3086
3195
3087
3196
3088
3197
3089
3198
3090
3199
3200
3092
3201
3093
3202
3094
3203
3095
3204
3096
3205
3206
3098
3099
3207
3100
3208
3101
3209
3210
3103
3211
3104
3212
3105
3213
3106
3214
3107
3215
3108
3216
3217
3110
3221
3111
3222
3112
3223
3113
3224
3114
3225
3115
3226
3116
3227
3117
3228
3118
3229
3119
3230
3120
3231
3121
3232
3122
3233
3234
3124
3235
3125
3236
3126
3237
3127
3238
3128
3239
3129
3240
3241
3131
3242
3132
3243
3133
3244
3134
3245
3135
3246
3136
3247
3137
3248
3138
3249
3139
3250
3140
3251
3141
3252
3142
3253
3143
3254
3144
3255
3145
3256
3146
3257
3258
3148
3265
3149
3266
3150
3267
3151
3268
3152
3269
3153
3270
3154
3271
3155
3272
3156
3273
3157
3274
3158
3159
3160
3161
3275
3162
3276
3163
3277
3164
3278
3165
3279
3166
3280
3167
3281
3168
3282
3169
3283
3170
3284
3171
3285
3172
3286
3173
3287
3174
3288
3175
3289
3176
3290
3177
3291
3178
3292
3179
3293
3180
3294
3181
3295
3183
3296
3184
3297
3185
3298
3186
3299
3187
3300
3188
3301
3189
3302
3190
3303
3191
3304
3192
3194
3307
3195
3308
3196
3309
3197
3310
3198
3311
3199
3312
3200
3313
3314
3202
3316
3203
3317
3204
3318
3205
3319
3206
3320
3321
3208
3322
3209
3323
3210
3324
3325
3212
3326
3213
3327
3214
3328
3215
3329
3216
3330
3217
3331
3218
3332
3219
3333
3334
3221
3338
3222
3339
3223
3340
3224
3341
3225
3342
3226
3343
3227
3344
3228
3345
3229
3346
3230
3347
3231
3348
3232
3349
3233
3350
3234
3351
3352
3236
3353
3237
3354
3238
3355
3239
3356
3240
3357
3241
3358
3359
3243
3360
3244
3361
3245
3362
3246
3363
3247
3364
3248
3365
3249
3366
3250
3367
3251
3368
3252
3369
3253
3370
3254
3371
3255
3372
3256
3373
3257
3374
3258
3375
3259
3376
3260
3377
3261
3378
3262
3379
3263
3380
3264
3381
3265
3382
3266
3383
3267
3384
3268
3385
3269
3386
3270
3387
3271
3388
3272
3273
3274
3276
3277
3278
3279
3280
3389
3281
3390
3282
3391
3283
3392
3284
3393
3285
3394
3286
3395
3287
3396
3288
3397
3289
3398
3290
3399
3291
3400
3292
3401
3293
3402
3294
3403
3295
3404
3297
3298
3405
3299
3406
3300
3407
3301
3408
3302
3409
3303
3410
3304
3411
3306
3416
3417
3308
3424
3309
3425
3310
3426
3311
3427
3312
3428
3313
3429
3314
3430
3431
3316
3432
3317
3433
3318
3434
3319
3435
3320
3436
3321
3437
3438
3323
3439
3324
3440
3325
3441
3442
3327
3443
3328
3444
3329
3445
3330
3446
3331
3447
3332
3448
3333
3449
3334
3450
3335
3451
3452
3337
3457
3338
3458
3339
3459
3340
3460
3341
3461
3342
3462
3343
3463
3344
3464
3345
3465
3346
3466
3347
3467
3348
3468
3349
3469
3350
3470
3351
3471
3352
3472
3473
3354
3474
3355
3475
3356
3476
3357
3477
3358
3478
3359
3479
3480
3361
3481
3362
3482
3363
3483
3364
3484
3365
3485
3366
3486
3367
3487
3368
3488
3369
3489
3370
3490
3371
3491
3372
3492
3373
3493
3374
3494
3375
3495
3376
3496
3377
3497
3378
3498
3379
3499
3380
3500
3381
3501
3382
3502
3383
3503
3384
3504
3385
3505
3386
3506
3387
3507
3388
3390
3391
3392
3393
3508
3394
3509
3395
3510
3396
3511
3397
3512
3398
3513
3399
3514
3400
3515
3401
3516
3402
3517
3403
3518
3404
3519
3406
3521
3407
3522
3408
3523
3409
3524
3410
3525
3411
3526
3527
3413
3529
3414
3530
3415
3531
3416
3532
3417
3533
3418
3534
3419
3535
3420
3536
3421
3537
3422
3538
3539
3424
3546
3425
3547
3426
3548
3427
3549
3428
3550
3429
3551
3430
3552
3431
3553
3554
3433
3556
3434
3557
3435
3558
3436
3559
3437
3560
3438
3561
3562
3440
3564
3441
3565
3442
3566
3567
3444
3569
3445
3570
3446
3571
3447
3572
3448
3573
3449
3574
3450
3575
3451
3576
3452
3577
3453
3578
3454
3579
3580
3456
3587
3457
3588
3458
3589
3459
3590
3460
3591
3461
3592
3462
3593
3463
3594
3464
3595
3465
3596
3466
3597
3467
3598
3468
3599
3469
3600
3470
3601
3471
3602
3472
3603
3473
3604
3605
3475
3606
3476
3607
3477
3608
3478
3609
3479
3610
3480
3611
3612
3482
3613
3483
3614
3484
3615
3485
3616
3486
3617
3487
3618
3488
3619
3489
3620
3490
3621
3491
3492
3493
3494
3495
3496
3497
3498
3499
3500
3501
3622
3502
3623
3503
3624
3504
3625
3505
3626
3506
3627
3507
3628
3509
3510
3511
3629
3512
3630
3513
3631
3514
3632
3515
3633
3516
3634
3517
3635
3518
3636
3519
3637
3520
3638
3639
3522
3640
3523
3641
3524
3642
3525
3643
3526
3644
3527
3645
3528
3646
3529
3647
3530
3648
3531
3649
3532
3650
3533
3651
3534
3652
3535
3653
3536
3654
3537
3655
3538
3656
3539
3657
3540
3658
3541
3659
3542
3660
3543
3661
3662
3545
3672
3546
3673
3547
3674
3548
3675
3549
3676
3550
3677
3551
3678
3552
3679
3553
3680
3554
3681
3682
3556
3691
3557
3692
3558
3693
3559
3694
3560
3695
3561
3696
3562
3697
3563
3698
3699
3565
3701
3566
3702
3567
3703
3704
3569
3705
3570
3706
3571
3707
3572
3708
3573
3709
3574
3710
3575
3711
3576
3712
3577
3713
3578
3714
3579
3715
3580
3716
3581
3717
3582
3718
3583
3719
3584
3720
3585
3721
3586
3722
3587
3723
3588
3724
3589
3725
3590
3726
3591
3727
3592
3728
3593
3729
3594
3730
3595
3731
3596
3732
3597
3733
3598
3734
3599
3735
3600
3736
3601
3737
3602
3738
3603
3739
3604
3740
3605
3741
3742
3607
3743
3608
3744
3609
3745
3610
3746
3611
3747
3612
3748
3749
3614
3751
3615
3752
3616
3753
3617
3618
3619
3620
3621
3623
3624
3754
3625
3755
3626
3756
3627
3757
3628
3758
3759
3630
3631
3761
3632
3762
3633
3763
3634
3764
3635
3765
3636
3766
3637
3767
3638
3768
3639
3769
3770
3641
3772
3642
3773
3643
3774
3644
3775
3645
3776
3646
3777
3647
3778
3648
3779
3649
3780
3650
3781
3651
3782
3652
3783
3653
3784
3654
3785
3655
3786
3656
3787
3657
3788
3658
3789
3659
3790
3660
3791
3661
3792
3662
3793
3663
3794
3664
3795
3665
3796
3666
3797
3667
3798
3668
3799
3669
3800
3670
3801
3671
3802
3672
3803
3673
3804
3674
3805
3675
3806
3676
3807
3677
3808
3678
3809
3679
3810
3680
3811
3681
3812
3682
3813
3683
3814
3684
3815
3685
3816
3686
3817
3687
3818
3688
3819
3689
3820
3690
3821
3691
3822
3692
3823
3693
3824
3694
3825
3695
3826
3696
3827
3697
3828
3698
3829
3699
3830
3831
3701
3838
3702
3839
3703
3840
3704
3841
3842
3706
3844
3707
3845
3708
3846
3709
3847
3710
3848
3711
3849
3712
3850
3713
3851
3714
3852
3715
3853
3716
3854
3717
3855
3718
3856
3719
3857
3720
3858
3721
3859
3722
3860
3723
3861
3724
3862
3725
3863
3726
3864
3727
3865
3728
3866
3729
3867
3730
3868
3731
3869
3732
3870
3733
3871
3734
3872
3735
3873
3736
3874
3737
3875
3738
3876
3739
3877
3740
3878
3741
3879
3742
3880
3881
3744
3882
3745
3883
3746
3884
3747
3885
3748
3886
3749
3887
3888
3751
3889
3752
3890
3753
3891
3755
3756
3892
3757
3893
3758
3894
3759
3895
3760
3896
3897
3762
3763
3898
3764
3899
3765
3900
3766
3901
3767
3902
3768
3903
3769
3904
3770
3905
3771
3906
3907
3773
3908
3774
3909
3775
3910
3776
3911
3777
3912
3778
3913
3779
3914
3780
3915
3781
3916
3782
3917
3783
3918
3784
3919
3785
3920
3786
3921
3787
3922
3788
3923
3789
3924
3790
3925
3791
3926
3792
3927
3793
3928
3794
3929
3795
3930
3796
3931
3797
3932
3798
3933
3799
3934
3800
3935
3801
3936
3802
3937
3803
3938
3804
3939
3805
3940
3806
3941
3807
3942
3808
3943
3809
3944
3810
3945
3811
3946
3812
3947
3813
3948
3814
3949
3815
3950
3816
3951
3817
3952
3818
3953
3819
3954
3820
3955
3821
3956
3822
3957
3823
3958
3824
3959
3825
3960
3826
3961
3827
3962
3828
3963
3829
3964
3830
3965
3831
3966
3967
3833
3970
3834
3971
3835
3972
3836
3973
3837
3974
3838
3975
3839
3976
3840
3977
3841
3978
3842
3979
3980
3844
3989
3845
3990
3846
3991
3847
3992
3848
3993
3849
3994
3850
3995
3851
3852
3853
3854
3996
3855
3997
3856
3998
3857
3999
3858
4000
3859
4001
3860
4002
3861
4003
3862
4004
3863
4005
3864
4006
3865
3866
3867
4007
3868
4008
3869
4009
3870
4010
3871
4011
3872
4012
3873
4013
3874
4014
3875
4015
3876
4016
3877
4017
3878
4018
3879
4019
3880
4020
3881
4021
4022
3883
4023
3884
4024
3885
4025
3886
4026
3887
4027
3888
4028
4029
3890
4031
3891
4032
4033
3893
4034
3894
4035
3895
4036
3896
4037
3897
4038
4039
3899
3900
4041
3901
4042
3902
4043
3903
4044
3904
4045
3905
4046
3906
4047
3907
4048
4049
3909
4050
3910
4051
3911
4052
3912
4053
3913
4054
3914
4055
3915
4056
3916
4057
3917
4058
3918
4059
3919
4060
3920
4061
3921
4062
3922
4063
3923
4064
3924
4065
3925
4066
3926
4067
3927
4068
3928
4069
3929
4070
3930
4071
3931
4072
3932
4073
3933
4074
3934
4075
3935
4076
3936
4077
3937
4078
3938
4079
3939
4080
3940
4081
3941
4082
3942
4083
3943
4084
3944
4085
3945
4086
3946
4087
3947
4088
3948
4089
3949
4090
3950
4091
3951
4092
3952
4093
3953
4094
3954
4095
3955
4096
3956
4097
3957
4098
3958
4099
3959
4100
3960
3961
3962
3963
4101
3964
4102
3965
4103
3966
4104
3967
4105
3968
4106
4107
3970
4108
3971
4109
3972
4110
3973
4111
3974
4112
3975
4113
3976
4114
3977
4115
3978
4116
3979
4117
3980
4118
4119
3982
4122
3983
4123
3984
4124
3985
4125
3986
4126
4127
3988
4136
3989
4137
3990
4138
3991
4139
3992
4140
3993
4141
3994
4142
3995
4143
3997
3998
4144
3999
4145
4000
4146
4001
4147
4002
4148
4003
4149
4004
4150
4005
4151
4006
4152
4008
4009
4010
4153
4011
4154
4012
4155
4013
4156
4014
4157
4015
4158
4016
4159
4017
4160
4018
4161
4019
4162
4020
4163
4021
4164
4022
4165
4166
4024
4167
4025
4168
4026
4169
4027
4170
4028
4171
4029
4172
4173
4031
4174
4032
4175
4033
4176
4177
4035
4178
4036
4179
4037
4180
4038
4181
4039
4182
4040
4183
4184
4042
4043
4186
4044
4187
4045
4188
4046
4189
4047
4190
4048
4191
4049
4192
4193
4051
4197
4052
4198
4053
4199
4054
4200
4055
4201
4056
4202
4057
4203
4058
4204
4059
4060
4061
4062
4063
4064
4066
4067
4068
4069
4070
4071
4072
4073
4074
4075
4205
4076
4206
4077
4207
4078
4208
4079
4209
4080
4210
4081
4211
4082
4212
4083
4213
4084
4214
4085
4215
4086
4216
4087
4217
4088
4218
4089
4219
4090
4220
4091
4221
4092
4222
4093
4223
4094
4224
4095
4225
4096
4226
4097
4227
4098
4228
4099
4100
4102
4103
4104
4229
4105
4230
4106
4231
4107
4232
4108
4233
4109
4234
4110
4235
4111
4236
4112
4237
4113
4238
4114
4239
4115
4240
4116
4241
4117
4242
4118
4243
4119
4244
4120
4245
4246
4122
4250
4123
4251
4124
4252
4125
4253
4126
4254
4127
4255
4128
4256
4129
4257
4130
4258
4131
4259
4132
4260
4133
4261
4134
4262
4135
4263
4136
4264
4137
4265
4138
4266
4139
4267
4140
4268
4141
4269
4142
4270
4143
4271
4145
4146
4272
4147
4273
4148
4274
4149
4275
4150
4276
4151
4277
4152
4278
4154
4155
4279
4156
4280
4157
4281
4158
4282
4159
4283
4160
4284
4161
4285
4162
4286
4163
4287
4164
4288
4165
4289
4166
4290
4291
4168
4292
4169
4293
4170
4294
4171
4295
4172
4296
4173
4297
4298
4175
4301
4176
4302
4177
4303
4304
4179
4305
4180
4306
4181
4307
4182
4308
4183
4309
4184
4310
4185
4311
4312
4187
4188
4314
4189
4315
4190
4316
4191
4317
4192
4318
4193
4319
4194
4320
4321
4196
4332
4197
4333
4198
4334
4199
4335
4200
4336
4201
4337
4202
4203
4204
4206
4207
4208
4209
4338
4210
4339
4211
4340
4212
4341
4213
4342
4214
4343
4215
4344
4216
4345
4217
4346
4218
4347
4219
4348
4220
4349
4221
4350
4222
4351
4223
4352
4224
4353
4225
4354
4226
4355
4227
4356
4228
4230
4231
4357
4232
4358
4233
4359
4234
4360
4235
4361
4236
4362
4237
4363
4238
4364
4239
4365
4240
4366
4241
4367
4242
4368
4243
4369
4244
4370
4245
4371
4246
4372
4247
4373
4374
4249
4378
4250
4379
4251
4380
4252
4381
4253
4382
4254
4383
4255
4384
4256
4385
4257
4386
4258
4387
4259
4388
4260
4389
4261
4390
4262
4391
4263
4392
4264
4393
4265
4394
4266
4395
4267
4396
4268
4397
4269
4398
4270
4399
4271
4400
4273
4401
4274
4402
4275
4403
4276
4404
4277
4405
4278
4406
4407
4280
4281
4408
4282
4409
4283
4410
4284
4411
4285
4412
4286
4413
4287
4414
4288
4415
4289
4416
4290
4417
4291
4418
4419
4293
4420
4294
4421
4295
4422
4296
4423
4297
4424
4298
4425
4299
4426
4427
4301
4429
4302
4430
4303
4431
4304
4432
4433
4306
4434
4307
4435
4308
4436
4309
4437
4310
4438
4311
4439
4312
4440
4313
4441
4442
4315
4443
4316
4444
4317
4445
4318
4446
4319
4447
4320
4448
4321
4449
4322
4450
4323
4451
4452
4325
4460
4326
4461
4327
4462
4328
4463
4329
4464
4330
4465
4331
4466
4332
4467
4333
4468
4334
4469
4335
4336
4337
4339
4340
4341
4470
4342
4471
4343
4472
4344
4473
4345
4474
4346
4475
4347
4476
4348
4477
4349
4478
4350
4479
4351
4480
4352
4481
4353
4482
4354
4483
4355
4484
4356
4485
4358
4359
4486
4360
4487
4361
4488
4362
4489
4363
4490
4364
4491
4365
4492
4366
4493
4367
4494
4368
4495
4369
4496
4370
4497
4371
4498
4372
4499
4373
4500
4374
4501
4375
4502
4376
4503
4504
4378
4507
4379
4508
4380
4509
4381
4510
4382
4511
4383
4512
4384
4513
4385
4514
4386
4515
4387
4516
4388
4517
4389
4518
4390
4519
4391
4520
4392
4521
4393
4522
4394
4523
4395
4524
4396
4525
4397
4526
4398
4527
4399
4528
4400
4529
4402
4403
4530
4404
4531
4405
4532
4406
4533
4407
4534
4535
4409
4536
4410
4537
4411
4538
4412
4539
4413
4540
4414
4541
4415
4542
4416
4543
4417
4544
4418
4545
4419
4546
4547
4421
4548
4422
4549
4423
4550
4424
4551
4425
4552
4426
4553
4427
4554
4555
4429
4559
4430
4560
4431
4561
4432
4562
4433
4563
4564
4435
4565
4436
4566
4437
4567
4438
4568
4439
4569
4440
4570
4441
4571
4442
4572
4444
4573
4445
4574
4446
4575
4447
4576
4448
4577
4449
4578
4450
4579
4451
4580
4452
4581
4453
4582
4454
4583
4455
4584
4456
4585
4457
4586
4458
4587
4459
4588
4460
4589
4461
4590
4462
4591
4463
4592
4464
4593
4465
4594
4466
4595
4467
4596
4468
4597
4469
4598
4599
4471
4472
4473
4602
4474
4603
4475
4604
4476
4605
4477
4606
4478
4607
4479
4608
4480
4609
4481
4610
4482
4611
4483
4612
4484
4613
4485
4614
4487
4488
4615
4489
4616
4490
4617
4491
4618
4492
4619
4493
4620
4494
4621
4495
4622
4496
4623
4497
4624
4498
4625
4499
4626
4500
4627
4501
4628
4502
4629
4503
4630
4504
4631
4505
4632
4506
4633
4507
4634
4508
4635
4509
4636
4510
4637
4511
4638
4512
4639
4513
4640
4514
4641
4515
4642
4516
4643
4517
4644
4518
4645
4519
4646
4520
4647
4521
4648
4522
4649
4523
4650
4524
4651
4525
4652
4526
4653
4527
4654
4528
4655
4529
4656
4531
4657
4532
4658
4533
4659
4534
4660
4535
4661
4662
4537
4538
4663
4539
4664
4540
4665
4541
4666
4542
4667
4543
4668
4544
4669
4545
4670
4546
4671
4547
4672
4673
4549
4674
4550
4675
4551
4676
4552
4677
4553
4678
4554
4679
4555
4680
4556
4681
4557
4682
4558
4683
4559
4684
4560
4685
4561
4686
4562
4687
4563
4688
4564
4689
4690
4566
4692
4567
4693
4568
4694
4569
4695
4570
4696
4571
4697
4572
4698
4699
4574
4700
4575
4701
4576
4702
4577
4703
4578
4704
4579
4705
4580
4706
4581
4707
4582
4708
4583
4709
4584
4710
4585
4711
4586
4712
4587
4713
4588
4714
4589
4715
4590
4716
4591
4717
4592
4718
4593
4719
4594
4720
4595
4721
4596
4722
4597
4723
4598
4724
4599
4725
4600
4726
4601
4727
4728
4603
4604
4605
4734
4606
4735
4607
4736
4608
4737
4609
4738
4610
4739
4611
4740
4612
4741
4613
4742
4614
4743
4616
4617
4744
4618
4745
4619
4746
4620
4747
4621
4748
4622
4749
4623
4750
4624
4751
4625
4752
4626
4753
4627
4754
4628
4629
4630
4631
4632
4633
4634
4755
4635
4756
4636
4757
4637
4758
4638
4759
4639
4760
4640
4761
4641
4762
4642
4763
4643
4764
4644
4765
4645
4766
4646
4767
4647
4768
4648
4769
4649
4770
4650
4771
4651
4772
4652
4773
4653
4774
4654
4775
4655
4776
4656
4658
4659
4777
4660
4778
4661
4779
4662
4780
4781
4664
4782
4665
4783
4666
4784
4667
4785
4668
4786
4669
4787
4670
4788
4671
4789
4672
4790
4673
4791
4792
4675
4793
4676
4794
4677
4795
4678
4796
4679
4797
4680
4798
4681
4799
4682
4800
4683
4801
4684
4802
4685
4803
4686
4804
4687
4805
4688
4806
4689
4807
4690
4808
4809
4692
4811
4693
4812
4694
4813
4695
4814
4696
4815
4697
4816
4698
4817
4699
4818
4819
4701
4820
4702
4821
4703
4822
4704
4823
4705
4824
4706
4825
4707
4826
4708
4827
4709
4828
4710
4829
4711
4830
4712
4831
4713
4832
4714
4833
4715
4834
4716
4835
4717
4836
4718
4837
4719
4838
4720
4839
4721
4840
4722
4841
4723
4842
4724
4843
4725
4844
4726
4845
4727
4846
4728
4847
4729
4848
4730
4849
4731
4850
4732
4851
4733
4852
4853
4735
4736
4861
4737
4862
4738
4863
4739
4864
4740
4865
4741
4866
4742
4867
4743
4868
4869
4745
4746
4870
4747
4871
4748
4872
4749
4873
4750
4874
4751
4875
4752
4876
4753
4877
4754
4878
4756
4757
4758
4879
4759
4880
4760
4881
4761
4882
4762
4883
4763
4884
4764
4885
4765
4886
4766
4887
4767
4888
4768
4889
4769
4890
4770
4891
4771
4892
4772
4893
4773
4894
4774
4775
4776
4778
4779
4895
4780
4896
4781
4897
4898
4783
4784
4899
4785
4900
4786
4901
4787
4902
4788
4903
4789
4904
4790
4905
4791
4906
4792
4907
4908
4794
4909
4795
4910
4796
4911
4797
4912
4798
4913
4799
4914
4800
4915
4801
4916
4802
4917
4803
4918
4804
4919
4805
4920
4806
4921
4807
4922
4808
4923
4809
4924
4810
4925
4926
4812
4930
4813
4931
4814
4932
4815
4933
4816
4934
4817
4935
4818
4936
4819
4937
4938
4821
4941
4822
4942
4823
4943
4824
4944
4825
4945
4826
4946
4827
4947
4828
4948
4829
4949
4830
4950
4831
4951
4832
4952
4833
4953
4834
4954
4835
4955
4836
4956
4837
4957
4838
4958
4839
4959
4840
4960
4841
4961
4842
4962
4843
4963
4844
4964
4845
4965
4846
4966
4847
4967
4848
4968
4849
4969
4850
4970
4851
4971
4852
4972
4853
4973
4854
4974
4855
4975
4856
4976
4857
4977
4858
4978
4859
4979
4860
4980
4981
4862
4989
4863
4990
4864
4991
4865
4992
4866
4993
4867
4994
4868
4995
4869
4996
4997
4871
4872
4998
4873
4999
4874
5000
4875
5001
4876
5002
4877
5003
4878
5004
4880
4881
5005
4882
5006
4883
5007
4884
5008
4885
5009
4886
5010
4887
5011
4888
5012
4889
5013
4890
5014
4891
5015
4892
5016
4893
5017
4894
5018
4896
5019
4897
5020
4898
5021
5022
4900
5023
4901
5024
4902
5025
4903
5026
4904
5027
4905
5028
4906
5029
4907
5030
4908
5031
5032
4910
5033
4911
5034
4912
5035
4913
5036
4914
5037
4915
5038
4916
5039
4917
5040
4918
5041
4919
5042
4920
5043
4921
5044
4922
5045
4923
5046
4924
5047
4925
5048
4926
5049
4927
5050
4928
5051
5052
4930
5056
4931
5057
4932
5058
4933
5059
4934
5060
4935
5061
4936
5062
4937
5063
4938
5064
4939
5065
5066
4941
5069
4942
5070
4943
5071
4944
5072
4945
5073
4946
5074
4947
5075
4948
5076
4949
5077
4950
5078
4951
5079
4952
5080
4953
5081
4954
5082
4955
5083
4956
5084
4957
5085
4958
5086
4959
5087
4960
5088
4961
5089
4962
5090
4963
5091
4964
5092
4965
5093
4966
5094
4967
5095
4968
5096
4969
5097
4970
5098
4971
5099
4972
5100
4973
5101
4974
5102
4975
5103
4976
5104
4977
5105
4978
5106
4979
5107
4980
5108
4981
5109
4982
5110
4983
5111
4984
5112
4985
5113
4986
5114
5115
4988
5120
4989
5121
4990
5122
4991
5123
4992
5124
4993
5125
4994
5126
4995
5127
4996
5128
4997
5129
5130
4999
5132
5000
5133
5001
5134
5002
5135
5003
5136
5004
5137
5006
5007
5008
5138
5009
5139
5010
5140
5011
5141
5012
5142
5013
5143
5014
5144
5015
5145
5016
5146
5017
5147
5018
5148
5020
5021
5149
5022
5150
5151
5024
5152
5025
5153
5026
5154
5027
5155
5028
5156
5029
5157
5030
5158
5031
5159
5032
5160
5161
5034
5162
5035
5163
5036
5164
5037
5165
5038
5166
5039
5167
5040
5041
5042
5043
5044
5045
5168
5046
5169
5047
5170
5048
5171
5049
5172
5050
5173
5051
5174
5052
5175
5053
5176
5054
5177
5178
5056
5183
5057
5184
5058
5185
5059
5186
5060
5187
5061
5188
5062
5189
5063
5190
5064
5191
5065
5192
5066
5193
5067
5194
5195
5069
5198
5070
5199
5071
5200
5072
5201
5073
5202
5074
5203
5075
5204
5076
5205
5077
5206
5078
5207
5079
5208
5080
5209
5081
5210
5082
5211
5083
5212
5084
5213
5085
5214
5086
5215
5087
5216
5088
5217
5089
5218
5090
5219
5091
5220
5092
5221
5093
5222
5094
5223
5095
5224
5096
5225
5097
5226
5098
5227
5099
5228
5100
5229
5101
5230
5102
5231
5103
5232
5104
5233
5105
5234
5106
5235
5107
5236
5108
5237
5109
5238
5110
5239
5111
5240
5112
5241
5113
5242
5114
5243
5115
5244
5116
5245
5117
5246
5247
5119
5251
5120
5252
5121
5253
5122
5254
5123
5255
5124
5256
5125
5257
5126
5258
5127
5259
5128
5260
5129
5261
5130
5262
5263
5132
5265
5133
5266
5134
5267
5135
5268
5136
5269
5137
5270
5271
5139
5140
5141
5272
5142
5273
5143
5274
5144
5275
5145
5276
5146
5277
5147
5278
5148
5279
5150
5281
5151
5282
5283
5153
5285
5154
5286
5155
5287
5156
5288
5157
5289
5158
5290
5159
5291
5160
5292
5161
5293
5294
5163
5295
5164
5296
5165
5297
5166
5298
5167
5299
5300
5169
5170
5171
5172
5301
5173
5302
5174
5303
5175
5304
5176
5305
5177
5306
5178
5307
5179
5308
5180
5309
5310
5182
5314
5183
5315
5184
5316
5185
5317
5186
5318
5187
5319
5188
5320
5189
5321
5190
5322
5191
5323
5192
5324
5193
5325
5194
5326
5195
5327
5196
5328
5197
5329
5330
5199
5337
5200
5338
5201
5339
5202
5340
5203
5341
5204
5342
5205
5343
5206
5344
5207
5345
5208
5346
5209
5347
5210
5348
5211
5349
5212
5350
5213
5351
5214
5215
5216
5217
5218
5219
5220
5221
5222
5223
5224
5225
5226
5227
5228
5229
5230
5231
5232
5233
5234
5235
5236
5237
5238
5352
5239
5353
5240
5354
5241
5355
5242
5356
5243
5357
5244
5358
5245
5359
5246
5360
5247
5361
5362
5249
5366
5250
5367
5251
5368
5252
5369
5253
5370
5254
5371
5255
5372
5256
5373
5257
5374
5258
5375
5259
5376
5260
5377
5261
5378
5262
5379
5263
5380
5381
5265
5382
5266
5383
5267
5384
5268
5385
5269
5386
5270
5387
5271
5388
5389
5273
5274
5275
5390
5276
5391
5277
5392
5278
5393
5279
5394
5395
5399
5282
5401
5283
5402
5403
5285
5406
5286
5407
5287
5408
5288
5409
5289
5410
5290
5411
5291
5412
5292
5413
5293
5414
5294
5415
5416
5296
5417
5297
5418
5298
5419
5299
5420
5300
5421
5422
5302
5303
5304
5305
5423
5306
5424
5307
5425
5308
5426
5309
5427
5310
5428
5311
5429
5312
5430
5431
5314
5436
5315
5437
5316
5438
5317
5439
5318
5440
5319
5441
5320
5442
5321
5443
5322
5444
5323
5445
5324
5446
5325
5447
5326
5448
5327
5449
5328
5450
5329
5451
5330
5452
5331
5453
5332
5454
5333
5455
5334
5456
5457
5336
5463
5337
5464
5338
5465
5339
5466
5340
5467
5341
5468
5342
5469
5343
5470
5344
5471
5345
5472
5346
5473
5347
5474
5348
5475
5349
5476
5350
5477
5351
5478
5479
5353
5480
5354
5481
5355
5482
5356
5483
5357
5484
5358
5485
5359
5486
5360
5487
5361
5488
5362
5489
5363
5490
5491
5365
5495
5366
5496
5367
5497
5368
5498
5369
5499
5370
5500
5371
5501
5372
5502
5373
5503
5374
5504
5375
5505
5376
5506
5377
5507
5378
5508
5379
5509
5380
5510
5381
5511
5512
5383
5515
5384
5516
5385
5517
5386
5518
5387
5519
5388
5520
5389
5521
5522
5391
5392
5523
5393
5524
5394
5525
5395
5526
5527
5397
5529
5398
5530
5399
5531
5400
5532
5533
5402
5535
5403
5536
5404
5537
5538
5406
5545
5407
5546
5408
5547
5409
5548
5410
5549
5411
5550
5412
5551
5413
5552
5414
5553
5415
5554
5416
5555
5556
5418
5557
5419
5558
5420
5559
5421
5560
5422
5561
5562
5424
5425
5426
5563
5427
5564
5428
5565
5429
5566
5430
5567
5431
5568
5432
5569
5433
5570
5434
5571
5435
5572
5436
5573
5437
5574
5438
5575
5439
5576
5440
5577
5441
5578
5442
5579
5443
5580
5444
5581
5445
5582
5446
5583
5447
5584
5448
5585
5449
5586
5450
5587
5451
5588
5452
5589
5453
5590
5454
5591
5455
5592
5456
5593
5457
5594
5458
5595
5459
5596
5460
5597
5598
5462
5603
5463
5604
5464
5605
5465
5606
5466
5607
5467
5608
5468
5609
5469
5610
5470
5611
5471
5612
5472
5613
5473
5614
5474
5615
5475
5616
5476
5617
5477
5618
5478
5619
5479
5620
5621
5481
5482
5623
5483
5624
5484
5625
5485
5626
5486
5627
5487
5628
5488
5629
5489
5630
5490
5631
5491
5632
5492
5633
5493
5634
5494
5635
5495
5636
5496
5637
5497
5638
5498
5639
5499
5640
5500
5641
5501
5642
5502
5643
5503
5644
5504
5645
5505
5646
5506
5647
5507
5648
5508
5649
5509
5650
5510
5651
5511
5652
5512
5653
5513
5654
5655
5515
5659
5516
5660
5517
5661
5518
5662
5519
5663
5520
5664
5521
5665
5522
5666
5667
5524
5525
5526
5669
5527
5670
5528
5671
5529
5672
5530
5673
5531
5674
5532
5675
5533
5676
5534
5677
5678
5536
5682
5537
5683
5538
5684
5685
5540
5687
5541
5688
5542
5689
5543
5690
5544
5691
5545
5692
5546
5693
5547
5694
5548
5695
5549
5696
5550
5697
5551
5698
5552
5699
5553
5700
5554
5701
5555
5702
5556
5703
5704
5558
5705
5559
5706
5560
5707
5561
5708
5562
5709
5710
5564
5565
5566
5711
5567
5712
5568
5713
5569
5714
5570
5715
5571
5716
5572
5717
5573
5718
5574
5719
5575
5720
5576
5721
5577
5722
5578
5723
5579
5724
5580
5725
5581
5726
5582
5727
5583
5728
5584
5729
5585
5730
5586
5731
5587
5732
5588
5733
5589
5734
5590
5735
5591
5736
5592
5737
5593
5738
5594
5739
5595
5740
5596
5741
5597
5742
5598
5743
5599
5744
5600
5745
5601
5746
5602
5747
5603
5748
5604
5749
5605
5750
5606
5751
5607
5752
5608
5753
5609
5754
5610
5755
5611
5756
5612
5757
5613
5758
5614
5759
5615
5760
5616
5761
5617
5762
5618
5763
5619
5764
5620
5765
5621
5766
5767
5623
5769
5624
5770
5625
5771
5626
5772
5627
5773
5628
5774
5629
5775
5630
5776
5631
5777
5632
5778
5633
5779
5634
5780
5635
5781
5636
5782
5637
5783
5638
5784
5639
5785
5640
5786
5641
5787
5642
5788
5643
5644
5645
5646
5647
5648
5649
5789
5650
5790
5651
5791
5652
5792
5653
5793
5654
5794
5655
5795
5656
5796
5657
5797
5798
5659
5803
5660
5804
5661
5805
5662
5806
5663
5807
5664
5808
5665
5809
5666
5810
5667
5811
5668
5812
5813
5670
5814
5671
5815
5672
5816
5673
5817
5674
5818
5675
5819
5676
5820
5677
5821
5678
5822
5679
5823
5680
5824
5681
5825
5826
5683
5835
5684
5836
5685
5837
5686
5838
5687
5839
5688
5840
5689
5841
5690
5842
5691
5843
5692
5844
5693
5845
5694
5846
5695
5847
5696
5848
5697
5849
5698
5850
5699
5851
5700
5852
5701
5853
5702
5854
5703
5855
5704
5856
5857
5706
5858
5707
5859
5708
5860
5709
5861
5710
5862
5863
5712
5713
5864
5714
5865
5715
5866
5716
5867
5717
5868
5718
5869
5719
5870
5720
5871
5721
5722
5723
5724
5725
5872
5726
5873
5727
5874
5728
5875
5729
5876
5730
5877
5731
5878
5732
5879
5733
5880
5734
5881
5735
5882
5736
5883
5737
5884
5738
5885
5739
5886
5740
5887
5741
5888
5742
5889
5743
5890
5744
5891
5745
5892
5746
5893
5747
5894
5748
5895
5749
5896
5750
5897
5751
5898
5752
5899
5753
5900
5754
5901
5755
5902
5756
5903
5757
5904
5758
5905
5759
5906
5760
5907
5761
5908
5762
5909
5763
5910
5764
5911
5765
5912
5766
5913
5767
5914
5915
5769
5918
5770
5919
5771
5920
5772
5921
5773
5922
5774
5923
5775
5924
5776
5925
5777
5926
5778
5927
5779
5928
5780
5929
5781
5930
5782
5931
5783
5932
5784
5933
5785
5934
5786
5935
5787
5936
5788
5937
5790
5791
5792
5793
5794
5938
5795
5939
5796
5940
5797
5941
5798
5942
5799
5943
5800
5944
5945
5802
5951
5803
5952
5804
5953
5805
5954
5806
5955
5807
5956
5808
5957
5809
5958
5810
5959
5811
5960
5812
5961
5813
5962
5963
5815
5964
5816
5965
5817
5966
5818
5967
5819
5968
5820
5969
5821
5970
5822
5971
5823
5972
5824
5973
5825
5974
5826
5975
5827
5976
5828
5977
5829
5978
5830
5979
5831
5980
5832
5981
5833
5982
5983
5835
5989
5836
5990
5837
5991
5838
5992
5839
5993
5840
5994
5841
5995
5842
5996
5843
5997
5844
5998
5845
5999
5846
6000
5847
6001
5848
6002
5849
6003
5850
6004
5851
6005
5852
6006
5853
6007
5854
6008
5855
6009
5856
6010
5857
6011
6012
5859
6013
5860
6014
5861
6015
5862
6016
5863
6017
6018
5865
6019
5866
6020
5867
6021
5868
6022
5869
6023
5870
6024
5871
6025
5873
5874
5875
5876
6026
5877
6027
5878
6028
5879
6029
5880
6030
5881
6031
5882
6032
5883
6033
5884
6034
5885
6035
5886
6036
5887
6037
5888
6038
5889
6039
5890
6040
5891
6041
5892
6042
5893
6043
5894
6044
5895
6045
5896
6046
5897
6047
5898
6048
5899
6049
5900
6050
5901
6051
5902
6052
5903
6053
5904
6054
5905
6055
5906
6056
5907
6057
5908
6058
5909
6059
5910
6060
5911
6061
5912
6062
5913
6063
5914
6064
5915
6065
6066
5917
6072
5918
6073
5919
6074
5920
6075
5921
6076
5922
6077
5923
6078
5924
6079
5925
6080
5926
6081
5927
6082
5928
6083
5929
6084
5930
6085
5931
6086
5932
6087
5933
6088
5934
6089
5935
6090
5936
6091
5937
6092
5939
5940
5941
6093
5942
6094
5943
6095
5944
6096
5945
6097
5946
6098
5947
6099
5948
6100
6101
5950
6105
5951
6106
5952
6107
5953
6108
5954
6109
5955
6110
5956
6111
5957
6112
5958
6113
5959
6114
5960
6115
5961
6116
5962
6117
5963
6118
6119
5965
6121
5966
6122
5967
6123
5968
6124
5969
6125
5970
6126
5971
6127
5972
6128
5973
6129
5974
6130
5975
6131
5976
6132
5977
6133
5978
6134
5979
6135
5980
6136
5981
6137
5982
6138
5983
6139
5984
6140
5985
6141
5986
6142
5987
6143
5988
6144
5989
6145
5990
6146
5991
6147
5992
6148
5993
6149
5994
6150
5995
6151
5996
6152
5997
6153
5998
6154
5999
6155
6000
6156
6001
6157
6002
6158
6003
6159
6004
6160
6005
6161
6006
6162
6007
6163
6008
6164
6009
6165
6010
6166
6011
6167
6012
6168
6169
6014
6170
6015
6171
6016
6172
6017
6173
6018
6174
6175
6020
6177
6021
6178
6022
6179
6023
6180
6024
6181
6025
6182
6027
6028
6029
6183
6030
6184
6031
6185
6032
6186
6033
6187
6034
6188
6035
6189
6036
6190
6037
6191
6038
6192
6039
6193
6040
6194
6041
6195
6042
6196
6043
6197
6044
6198
6045
6199
6046
6200
6047
6201
6048
6202
6049
6203
6050
6204
6051
6205
6052
6206
6053
6207
6054
6208
6055
6209
6056
6210
6057
6211
6058
6212
6059
6213
6060
6214
6061
6215
6062
6216
6063
6217
6064
6218
6065
6219
6066
6220
6221
6068
6227
6069
6228
6070
6229
6071
6230
6072
6231
6073
6232
6074
6233
6075
6234
6076
6235
6077
6236
6078
6237
6079
6238
6080
6239
6081
6240
6082
6241
6083
6242
6084
6243
6085
6244
6086
6245
6087
6246
6088
6247
6089
6248
6090
6249
6091
6250
6092
6251
6094
6095
6252
6096
6253
6097
6254
6098
6255
6099
6256
6100
6257
6101
6258
6102
6259
6103
6260
6104
6261
6105
6262
6106
6263
6107
6264
6108
6265
6109
6266
6110
6267
6111
6268
6112
6269
6113
6114
6115
6270
6116
6271
6117
6272
6118
6273
6119
6274
6275
6121
6280
6122
6281
6123
6282
6124
6283
6125
6284
6126
6285
6127
6286
6128
6287
6129
6288
6130
6289
6131
6290
6132
6291
6133
6292
6134
6293
6135
6294
6136
6295
6137
6296
6138
6297
6139
6298
6140
6299
6141
6300
6142
6301
6143
6302
6144
6303
6145
6304
6146
6305
6147
6306
6148
6307
6149
6308
6150
6309
6151
6310
6152
6311
6153
6312
6154
6313
6155
6314
6156
6315
6157
6316
6158
6317
6159
6318
6160
6319
6161
6320
6162
6321
6163
6322
6164
6323
6165
6324
6166
6325
6167
6326
6168
6327
6169
6328
6329
6171
6330
6172
6331
6173
6332
6174
6333
6175
6334
6176
6335
6336
6178
6337
6179
6338
6180
6339
6181
6340
6182
6341
6184
6185
6342
6186
6343
6187
6344
6188
6345
6189
6346
6190
6347
6191
6348
6192
6349
6193
6350
6194
6351
6195
6352
6196
6353
6197
6354
6198
6355
6199
6356
6200
6357
6201
6358
6202
6203
6204
6205
6206
6207
6208
6209
6210
6211
6359
6212
6360
6213
6361
6214
6362
6215
6363
6216
6364
6217
6365
6218
6366
6219
6367
6220
6368
6221
6369
6222
6370
6371
6224
6378
6225
6379
6226
6380
6227
6381
6228
6382
6229
6383
6230
6384
6231
6385
6232
6386
6233
6387
6234
6388
6235
6389
6236
6390
6237
6391
6238
6392
6239
6393
6240
6394
6241
6395
6242
6396
6243
6397
6244
6398
6245
6399
6246
6400
6247
6401
6248
6402
6249
6403
6250
6404
6251
6253
6254
6255
6405
6256
6406
6257
6407
6258
6408
6259
6409
6260
6410
6261
6411
6262
6412
6263
6413
6264
6414
6265
6415
6266
6416
6267
6417
6268
6418
6269
6419
6271
6272
6273
6274
6275
6276
6420
6277
6421
6422
6279
6436
6280
6437
6281
6438
6282
6439
6283
6440
6284
6441
6285
6442
6286
6443
6287
6444
6288
6445
6289
6446
6290
6447
6291
6448
6292
6449
6293
6450
6294
6451
6295
6452
6296
6453
6297
6454
6298
6455
6299
6456
6300
6457
6301
6458
6302
6459
6303
6460
6304
6461
6305
6462
6306
6463
6307
6464
6308
6465
6309
6310
6311
6312
6313
6314
6466
6315
6467
6316
6468
6317
6469
6318
6470
6319
6471
6320
6472
6321
6473
6322
6474
6323
6475
6324
6476
6325
6477
6326
6478
6327
6479
6328
6480
6329
6481
6482
6331
6483
6332
6484
6333
6485
6334
6486
6335
6487
6336
6488
6489
6338
6491
6339
6492
6340
6493
6341
6494
6495
6343
6496
6344
6497
6345
6498
6346
6499
6347
6500
6348
6501
6349
6502
6350
6503
6351
6504
6352
6505
6353
6506
6354
6507
6355
6356
6357
6358
6360
6361
6362
6508
6363
6509
6364
6510
6365
6511
6366
6512
6367
6513
6368
6514
6369
6515
6370
6516
6371
6517
6372
6518
6373
6519
6374
6520
6521
6376
6527
6377
6528
6378
6529
6379
6530
6380
6531
6381
6532
6382
6533
6383
6534
6384
6535
6385
6536
6386
6537
6387
6538
6388
6389
6390
6391
6392
6393
6394
6395
6396
6397
6398
6539
6399
6540
6400
6541
6401
6542
6402
6543
6403
6544
6404
6545
6546
6406
6407
6547
6408
6548
6409
6549
6410
6550
6411
6551
6412
6552
6413
6553
6414
6554
6415
6555
6416
6556
6417
6557
6418
6558
6419
6559
6560
6421
6561
6422
6562
6423
6563
6424
6564
6425
6565
6426
6566
6427
6567
6428
6568
6429
6569
6430
6570
6571
6432
6574
6433
6575
6434
6576
6435
6577
6436
6578
6437
6579
6438
6580
6439
6581
6440
6582
6441
6583
6442
6584
6443
6585
6444
6586
6445
6587
6446
6588
6447
6589
6448
6590
6449
6591
6450
6592
6451
6593
6452
6594
6453
6595
6454
6596
6455
6597
6456
6598
6457
6599
6458
6600
6459
6601
6460
6602
6461
6603
6462
6604
6463
6605
6464
6606
6465
6607
6467
6468
6469
6608
6470
6609
6471
6610
6472
6611
6473
6612
6474
6613
6475
6614
6476
6615
6477
6616
6478
6617
6479
6618
6480
6619
6481
6620
6482
6621
6622
6484
6623
6485
6624
6486
6625
6487
6626
6488
6627
6489
6628
6629
6491
6637
6492
6638
6493
6639
6494
6640
6495
6641
6497
6498
6642
6499
6643
6500
6644
6501
6645
6502
6646
6503
6647
6504
6648
6505
6649
6506
6650
6507
6651
6652
6509
6653
6510
6654
6511
6655
6512
6656
6513
6657
6514
6658
6515
6659
6516
6660
6517
6661
6518
6662
6519
6663
6520
6664
6521
6665
6522
6666
6523
6667
6524
6668
6525
6669
6526
6670
6527
6671
6528
6672
6529
6673
6530
6674
6531
6675
6532
6676
6533
6677
6534
6678
6535
6536
6537
6538
6540
6541
6542
6543
6679
6544
6680
6545
6681
6546
6682
6548
6549
6683
6550
6684
6551
6685
6552
6686
6553
6687
6554
6688
6555
6689
6556
6690
6557
6691
6558
6692
6559
6693
6560
6694
6695
6562
6696
6563
6697
6564
6698
6565
6699
6566
6700
6567
6701
6568
6702
6569
6703
6570
6704
6571
6705
6572
6706
6573
6707
6574
6708
6575
6709
6576
6710
6577
6711
6578
6712
6579
6713
6580
6714
6581
6715
6582
6716
6583
6717
6584
6718
6585
6719
6586
6720
6587
6721
6588
6722
6589
6723
6590
6724
6591
6725
6592
6726
6593
6727
6594
6728
6595
6729
6596
6730
6597
6731
6598
6599
6600
6601
6602
6732
6603
6733
6604
6734
6605
6735
6606
6736
6607
6737
6609
6610
6611
6738
6612
6739
6613
6740
6614
6741
6615
6742
6616
6743
6617
6744
6618
6745
6619
6746
6620
6747
6621
6748
6622
6749
6750
6624
6751
6625
6752
6626
6753
6627
6754
6628
6755
6629
6756
6630
6757
6631
6758
6632
6759
6633
6760
6634
6761
6635
6762
6763
6637
6771
6638
6772
6639
6773
6640
6774
6641
6775
6776
6643
6778
6644
6779
6645
6780
6646
6781
6647
6782
6648
6783
6649
6784
6650
6785
6651
6786
6652
6787
6654
6788
6655
6789
6656
6790
6657
6791
6658
6792
6659
6793
6660
6794
6661
6795
6662
6796
6663
6797
6664
6798
6665
6799
6666
6800
6667
6801
6668
6802
6669
6803
6670
6804
6671
6805
6672
6806
6673
6807
6674
6808
6675
6809
6676
6810
6677
6811
6678
6812
6680
6681
6813
6682
6814
6815
6684
6685
6816
6686
6817
6687
6818
6688
6819
6689
6820
6690
6821
6691
6822
6692
6823
6693
6824
6694
6825
6695
6826
6827
6697
6829
6698
6830
6699
6831
6700
6832
6701
6833
6702
6834
6703
6835
6704
6836
6705
6837
6706
6838
6707
6839
6708
6840
6709
6841
6710
6842
6711
6843
6712
6844
6713
6845
6714
6846
6715
6847
6716
6848
6717
6849
6718
6850
6719
6851
6720
6852
6721
6853
6722
6723
6724
6725
6726
6727
6728
6729
6730
6731
6733
6734
6854
6735
6855
6736
6856
6737
6857
6858
6739
6740
6741
6859
6742
6860
6743
6861
6744
6862
6745
6863
6746
6864
6747
6865
6748
6866
6749
6867
6750
6868
6869
6752
6870
6753
6871
6754
6872
6755
6873
6756
6874
6757
6875
6758
6876
6759
6877
6760
6878
6761
6879
6762
6880
6763
6881
6764
6882
6765
6883
6766
6884
6767
6885
6768
6886
6769
6887
6770
6888
6771
6889
6772
6890
6773
6891
6774
6892
6775
6893
6776
6894
6777
6895
6896
6779
6780
6897
6781
6898
6782
6899
6783
6900
6784
6901
6785
6902
6786
6903
6787
6904
6905
6789
6906
6790
6907
6791
6908
6792
6909
6793
6910
6794
6911
6795
6912
6796
6913
6797
6914
6798
6915
6799
6916
6800
6917
6801
6918
6802
6919
6803
6920
6804
6921
6805
6922
6806
6923
6807
6924
6808
6925
6809
6926
6810
6927
6811
6928
6812
6929
6930
6814
6931
6815
6932
6933
6817
6818
6934
6819
6935
6820
6936
6821
6937
6822
6938
6823
6939
6824
6940
6825
6941
6826
6942
6827
6943
6944
6829
6946
6830
6947
6831
6948
6832
6949
6833
6950
6834
6951
6835
6952
6836
6953
6837
6954
6838
6955
6839
6956
6840
6957
6841
6958
6842
6959
6843
6960
6844
6961
6845
6962
6846
6963
6847
6964
6848
6965
6849
6966
6850
6851
6852
6853
6855
6967
6856
6968
6857
6969
6858
6970
6971
6860
6861
6972
6862
6973
6863
6974
6864
6975
6865
6976
6866
6977
6867
6978
6868
6979
6869
6980
6981
6871
6982
6872
6983
6873
6984
6874
6985
6875
6986
6876
6987
6877
6988
6878
6989
6879
6990
6880
6991
6881
6992
6882
6993
6883
6994
6884
6995
6885
6996
6886
6887
6888
6889
6890
6891
6997
6892
6998
6893
6999
6894
7000
6895
7001
6896
7002
7003
6898
7004
6899
7005
6900
7006
6901
7007
6902
7008
6903
7009
6904
7010
6905
7011
7012
6907
7014
6908
7015
6909
7016
6910
7017
6911
7018
6912
7019
6913
7020
6914
7021
6915
7022
6916
7023
6917
7024
6918
7025
6919
7026
6920
7027
6921
7028
6922
7029
6923
7030
6924
7031
6925
7032
6926
7033
6927
7034
6928
7035
6929
7036
6930
7037
7038
6932
6933
7040
7041
6935
7044
6936
7045
6937
7046
6938
7047
6939
7048
6940
7049
6941
7050
6942
7051
6943
7052
6944
7053
7054
6946
7058
6947
7059
6948
7060
6949
7061
6950
7062
6951
7063
6952
7064
6953
7065
6954
7066
6955
7067
6956
7068
6957
7069
6958
7070
6959
7071
6960
7072
6961
7073
6962
7074
6963
7075
6964
7076
6965
7077
6966
7078
7079
6968
6969
7080
6970
7081
6971
7082
7083
6973
7084
6974
7085
6975
7086
6976
7087
6977
7088
6978
7089
6979
7090
6980
7091
6981
7092
7093
6983
7094
6984
7095
6985
7096
6986
7097
6987
7098
6988
7099
6989
7100
6990
7101
6991
7102
6992
7103
6993
7104
6994
7105
6995
7106
6996
6998
6999
7107
7000
7108
7001
7109
7002
7110
7003
7111
7112
7005
7113
7006
7114
7007
7115
7008
7116
7009
7117
7010
7118
7011
7119
7012
7120
7121
7014
7123
7015
7124
7016
7125
7017
7126
7018
7127
7019
7128
7020
7129
7021
7130
7022
7131
7023
7132
7024
7133
7025
7134
7026
7135
7027
7136
7028
7137
7029
7138
7030
7139
7031
7140
7032
7141
7033
7142
7034
7143
7035
7144
7036
7145
7037
7146
7038
7147
7148
7040
7149
7041
7150
7042
7151
7152
7044
7155
7045
7156
7046
7157
7047
7158
7048
7159
7049
7160
7050
7161
7051
7162
7052
7163
7053
7164
7054
7165
7055
7166
7167
7057
7171
7058
7172
7059
7173
7060
7174
7061
7175
7062
7176
7063
7177
7064
7178
7065
7179
7066
7180
7067
7181
7068
7182
7069
7183
7070
7184
7071
7185
7072
7186
7073
7187
7074
7188
7075
7189
7076
7190
7077
7191
7078
7192
7079
7193
7194
7081
7195
7082
7196
7083
7197
7198
7085
7202
7086
7203
7087
7204
7088
7205
7089
7206
7090
7207
7091
7208
7092
7209
7093
7210
7211
7095
7212
7096
7213
7097
7214
7098
7215
7099
7216
7100
7217
7101
7218
7102
7219
7103
7220
7104
7221
7105
7222
7106
7223
7108
7109
7224
7110
7225
7111
7226
7112
7227
7228
7114
7229
7115
7230
7116
7231
7117
7232
7118
7233
7119
7234
7120
7235
7121
7236
7237
7123
7239
7124
7240
7125
7241
7126
7242
7127
7243
7128
7244
7129
7245
7130
7246
7131
7247
7132
7248
7133
7249
7134
7250
7135
7251
7136
7252
7137
7253
7138
7254
7139
7255
7140
7256
7141
7257
7142
7258
7143
7259
7144
7260
7145
7261
7146
7262
7147
7263
7148
7264
7265
7150
7268
7151
7269
7152
7270
7153
7271
7272
7155
7281
7156
7282
7157
7283
7158
7284
7159
7285
7160
7286
7161
7287
7162
7288
7163
7289
7164
7290
7165
7291
7166
7292
7167
7293
7168
7294
7169
7295
7170
7296
7171
7297
7172
7298
7173
7299
7174
7300
7175
7301
7176
7302
7177
7303
7178
7304
7179
7305
7180
7306
7181
7307
7182
7308
7183
7309
7184
7310
7185
7311
7186
7312
7187
7313
7188
7314
7189
7315
7190
7316
7191
7317
7192
7318
7193
7319
7194
7320
7321
7196
7322
7197
7323
7198
7324
7199
7325
7326
7201
7337
7202
7338
7203
7339
7204
7340
7205
7341
7206
7342
7207
7343
7208
7344
7209
7345
7210
7346
7211
7347
7348
7213
7349
7214
7350
7215
7351
7216
7352
7217
7353
7218
7354
7219
7355
7220
7356
7221
7357
7222
7358
7223
7225
7359
7226
7360
7227
7361
7228
7362
7363
7230
7366
7231
7367
7232
7368
7233
7369
7234
7370
7235
7371
7236
7372
7237
7373
7374
7239
7375
7240
7376
7241
7377
7242
7378
7243
7379
7244
7380
7245
7381
7246
7382
7247
7383
7248
7384
7249
7385
7250
7386
7251
7387
7252
7388
7253
7389
7254
7390
7255
7391
7256
7392
7257
7393
7258
7394
7259
7395
7260
7396
7261
7397
7262
7398
7263
7399
7264
7400
7265
7401
7402
7267
7405
7268
7406
7269
7407
7270
7408
7271
7409
7272
7410
7273
7411
7274
7412
7275
7413
7276
7414
7277
7415
7278
7416
7417
7280
7421
7281
7422
7282
7423
7283
7424
7284
7425
7285
7426
7286
7427
7287
7428
7288
7429
7289
7430
7290
7431
7291
7432
7292
7433
7293
7434
7294
7435
7295
7436
7296
7437
7297
7438
7298
7439
7299
7440
7300
7441
7301
7442
7302
7443
7303
7444
7304
7445
7305
7446
7306
7447
7307
7448
7308
7449
7309
7450
7310
7451
7311
7452
7312
7453
7313
7454
7314
7455
7315
7456
7316
7457
7317
7458
7318
7459
7319
7460
7320
7461
7321
7462
7463
7323
7324
7464
7325
7465
7326
7466
7327
7467
7468
7329
7470
7330
7471
7331
7472
7332
7473
7333
7474
7334
7475
7335
7476
7336
7477
7337
7478
7338
7479
7339
7480
7340
7481
7341
7482
7342
7483
7343
7484
7344
7485
7345
7486
7346
7487
7347
7488
7348
7489
7490
7350
7491
7351
7492
7352
7493
7353
7494
7354
7495
7355
7496
7356
7497
7357
7498
7358
7360
7361
7499
7362
7500
7363
7501
7364
7502
7503
7366
7506
7367
7507
7368
7508
7369
7509
7370
7510
7371
7511
7372
7512
7373
7513
7374
7514
7515
7376
7517
7377
7518
7378
7519
7379
7520
7380
7521
7381
7522
7382
7523
7383
7524
7384
7525
7385
7526
7386
7527
7387
7528
7388
7529
7389
7530
7390
7531
7391
7532
7392
7533
7393
7534
7394
7535
7395
7536
7396
7537
7397
7538
7398
7539
7399
7540
7400
7541
7401
7542
7402
7543
7544
7404
7546
7405
7547
7406
7548
7407
7549
7408
7550
7409
7551
7410
7552
7411
7553
7412
7554
7413
7555
7414
7556
7415
7557
7416
7558
7417
7559
7418
7560
7561
7420
7563
7421
7564
7422
7565
7423
7566
7424
7567
7425
7568
7426
7569
7427
7570
7428
7571
7429
7572
7430
7573
7431
7574
7432
7575
7433
7576
7434
7577
7435
7578
7436
7579
7437
7580
7438
7581
7439
7582
7440
7583
7441
7584
7442
7585
7443
7586
7444
7587
7445
7588
7446
7589
7447
7590
7448
7591
7449
7592
7450
7593
7451
7594
7452
7595
7453
7596
7454
7597
7455
7598
7456
7599
7457
7600
7458
7601
7459
7602
7460
7603
7461
7604
7462
7605
7463
7606
7607
7465
7609
7466
7610
7467
7611
7468
7612
7469
7613
7470
7614
7471
7615
7472
7616
7473
7617
7474
7618
7475
7619
7476
7620
7477
7621
7478
7622
7479
7623
7480
7624
7481
7625
7482
7626
7483
7627
7484
7628
7485
7629
7486
7630
7487
7631
7488
7632
7489
7633
7490
7634
7635
7492
7636
7493
7637
7494
7638
7495
7639
7496
7640
7497
7641
7498
7500
7642
7501
7643
7502
7644
7503
7645
7504
7646
7647
7506
7659
7507
7660
7508
7661
7509
7662
7510
7663
7511
7664
7512
7665
7513
7666
7514
7667
7515
7668
7669
7517
7672
7518
7673
7519
7674
7520
7675
7521
7676
7522
7677
7523
7678
7524
7679
7525
7680
7526
7681
7527
7682
7528
7683
7529
7684
7530
7685
7531
7686
7532
7687
7533
7688
7534
7689
7535
7690
7536
7691
7537
7538
7692
7539
7693
7540
7694
7541
7695
7542
7696
7543
7697
7544
7698
7699
7546
7702
7547
7703
7548
7704
7549
7705
7550
7706
7551
7707
7552
7708
7553
7709
7554
7710
7555
7711
7556
7712
7557
7713
7558
7714
7559
7715
7560
7716
7561
7717
7718
7563
7720
7564
7721
7565
7722
7566
7723
7567
7724
7568
7725
7569
7726
7570
7727
7571
7728
7572
7729
7573
7730
7574
7731
7575
7732
7576
7733
7577
7734
7578
7735
7579
7736
7580
7737
7581
7738
7582
7739
7583
7740
7584
7741
7585
7742
7586
7743
7587
7744
7588
7745
7589
7746
7590
7747
7591
7748
7592
7749
7593
7750
7594
7751
7595
7752
7596
7753
7597
7754
7598
7755
7599
7756
7600
7757
7601
7758
7602
7759
7603
7760
7604
7761
7605
7762
7606
7763
7607
7764
7608
7765
7766
7610
7767
7611
7768
7612
7769
7613
7770
7614
7771
7615
7772
7616
7773
7617
7774
7618
7775
7619
7776
7620
7777
7621
7778
7622
7779
7623
7780
7624
7781
7625
7782
7626
7783
7627
7784
7628
7785
7629
7786
7630
7787
7631
7788
7632
7789
7633
7790
7634
7791
7635
7792
7793
7637
7794
7638
7795
7639
7796
7640
7797
7641
7798
7799
7643
7800
7644
7801
7645
7802
7646
7803
7647
7804
7648
7805
7649
7806
7650
7807
7651
7808
7652
7809
7653
7810
7654
7811
7655
7812
7656
7813
7657
7814
7658
7815
7659
7816
7660
7817
7661
7818
7662
7819
7663
7820
7664
7821
7665
7822
7666
7823
7667
7824
7668
7825
7669
7826
7670
7827
7828
7672
7831
7673
7832
7674
7833
7675
7834
7676
7835
7677
7836
7678
7837
7679
7838
7680
7839
7681
7840
7682
7841
7683
7842
7684
7843
7685
7844
7686
7845
7687
7846
7688
7847
7689
7848
7690
7849
7691
7693
7694
7695
7696
7850
7697
7851
7698
7852
7699
7853
7854
7701
7857
7702
7858
7703
7859
7704
7860
7705
7861
7706
7862
7707
7863
7708
7864
7709
7865
7710
7866
7711
7867
7712
7868
7713
7869
7714
7870
7715
7871
7716
7872
7717
7873
7718
7874
7875
7720
7878
7721
7879
7722
7880
7723
7881
7724
7882
7725
7883
7726
7884
7727
7885
7728
7886
7729
7887
7730
7888
7731
7889
7732
7890
7733
7891
7734
7892
7735
7893
7736
7894
7737
7895
7738
7896
7739
7897
7740
7898
7741
7899
7742
7900
7743
7901
7744
7902
7745
7903
7746
7904
7747
7905
7748
7906
7749
7907
7750
7751
7752
7753
7754
7755
7756
7757
7908
7758
7909
7759
7910
7760
7911
7761
7912
7762
7913
7763
7914
7764
7915
7765
7916
7766
7917
7918
7768
7919
7769
7920
7770
7921
7771
7922
7772
7923
7773
7924
7774
7925
7775
7926
7776
7927
7777
7928
7778
7929
7779
7930
7780
7931
7781
7932
7782
7933
7783
7934
7784
7935
7785
7936
7786
7937
7787
7938
7788
7939
7789
7940
7790
7941
7791
7942
7792
7943
7793
7944
7945
7795
7946
7796
7947
7797
7948
7798
7949
7799
7950
7951
7801
7953
7802
7954
7803
7955
7804
7956
7805
7957
7806
7958
7807
7959
7808
7960
7809
7961
7810
7962
7811
7963
7812
7964
7813
7965
7814
7966
7815
7967
7816
7968
7817
7969
7818
7970
7819
7971
7820
7972
7821
7973
7822
7974
7823
7975
7824
7976
7825
7977
7826
7978
7827
7979
7828
7980
7829
7981
7982
7831
7987
7832
7988
7833
7989
7834
7990
7835
7991
7836
7992
7837
7993
7838
7994
7839
7995
7840
7996
7841
7997
7842
7998
7843
7999
7844
8000
7845
8001
7846
8002
7847
8003
7848
8004
7849
8005
7851
7852
8006
7853
8007
7854
8008
8009
7856
8012
7857
8013
7858
8014
7859
8015
7860
8016
7861
8017
7862
8018
7863
8019
7864
8020
7865
8021
7866
8022
7867
8023
7868
8024
7869
8025
7870
8026
7871
8027
7872
8028
7873
8029
7874
8030
7875
8031
8032
7877
8034
7878
8035
7879
8036
7880
8037
7881
8038
7882
8039
7883
8040
7884
8041
7885
8042
7886
7887
7888
7889
7890
7891
8043
7892
8044
7893
8045
7894
8046
7895
8047
7896
8048
7897
8049
7898
8050
7899
8051
7900
8052
7901
8053
7902
8054
7903
8055
7904
8056
7905
8057
7906
8058
7907
8059
7909
7910
7911
8060
7912
8061
7913
8062
7914
8063
7915
8064
7916
8065
7917
8066
7918
8067
8068
7920
8076
7921
8077
7922
8078
7923
8079
7924
8080
7925
8081
7926
8082
7927
8083
7928
8084
7929
8085
7930
8086
7931
8087
7932
8088
7933
8089
7934
8090
7935
8091
7936
8092
7937
8093
7938
8094
7939
8095
7940
8096
7941
8097
7942
8098
7943
8099
7944
8100
7945
8101
8102
7947
8103
7948
8104
7949
8105
7950
8106
7951
8107
7952
8108
8109
7954
8112
7955
8113
7956
8114
7957
8115
7958
8116
7959
8117
7960
8118
7961
8119
7962
8120
7963
8121
7964
8122
7965
8123
7966
8124
7967
8125
7968
8126
7969
8127
7970
8128
7971
8129
7972
8130
7973
8131
7974
8132
7975
8133
7976
8134
7977
8135
7978
8136
7979
8137
7980
8138
7981
8139
7982
8140
7983
8141
7984
8142
8143
7986
8149
7987
8150
7988
8151
7989
8152
7990
8153
7991
8154
7992
8155
7993
8156
7994
8157
7995
8158
7996
8159
7997
8160
7998
8161
7999
8162
8000
8163
8001
8164
8002
8165
8003
8166
8004
8167
8005
8168
8169
8007
8008
8170
8009
8171
8010
8172
8173
8012
8179
8013
8180
8014
8181
8015
8182
8016
8183
8017
8184
8018
8185
8019
8186
8020
8187
8021
8188
8022
8189
8023
8190
8024
8191
8025
8192
8026
8193
8027
8194
8028
8195
8029
8196
8030
8197
8031
8198
8032
8199
8200
8034
8203
8035
8204
8036
8205
8037
8206
8038
8207
8039
8208
8040
8209
8041
8210
8042
8211
8044
8045
8212
8046
8213
8047
8214
8048
8215
8049
8216
8050
8217
8051
8218
8052
8219
8053
8220
8054
8221
8055
8222
8056
8223
8057
8224
8058
8225
8059
8226
8061
8062
8227
8063
8228
8064
8229
8065
8230
8066
8231
8067
8232
8068
8233
8069
8234
8070
8235
8236
8072
8240
8073
8241
8074
8242
8075
8243
8244
8077
8247
8078
8248
8079
8249
8080
8250
8081
8251
8082
8252
8083
8084
8085
8086
8087
8088
8089
8090
8091
8092
8093
8253
8094
8254
8095
8255
8096
8256
8097
8257
8098
8258
8099
8259
8100
8260
8101
8261
8102
8262
8263
8104
8264
8105
8265
8106
8266
8107
8267
8108
8268
8109
8269
8110
8270
8271
8112
8273
8113
8274
8114
8275
8115
8276
8116
8277
8117
8278
8118
8279
8119
8280
8120
8281
8121
8282
8122
8283
8123
8284
8124
8285
8125
8286
8126
8287
8127
8288
8128
8289
8129
8290
8130
8291
8131
8292
8132
8293
8133
8294
8134
8295
8135
8296
8136
8297
8137
8298
8138
8299
8139
8300
8140
8301
8141
8302
8142
8303
8143
8304
8144
8305
8145
8306
8146
8307
8147
8308
8148
8309
8149
8310
8150
8311
8151
8312
8152
8313
8153
8314
8154
8315
8155
8316
8156
8317
8157
8318
8158
8319
8159
8320
8160
8321
8161
8322
8162
8323
8163
8324
8164
8325
8165
8326
8166
8327
8167
8328
8168
8329
8169
8330
8331
8171
8172
8173
8332
8174
8333
8175
8334
8176
8335
8336
8178
8341
8179
8342
8180
8343
8181
8344
8182
8345
8183
8346
8184
8347
8185
8348
8186
8349
8187
8350
8188
8351
8189
8352
8190
8353
8191
8354
8192
8355
8193
8356
8194
8357
8195
8358
8196
8359
8197
8360
8198
8361
8199
8362
8200
8363
8364
8202
8368
8203
8369
8204
8370
8205
8371
8206
8372
8207
8373
8208
8374
8209
8375
8210
8376
8211
8377
8213
8378
8214
8379
8215
8380
8216
8381
8217
8382
8218
8383
8219
8384
8220
8385
8221
8386
8222
8387
8223
8388
8224
8389
8225
8390
8226
8391
8228
8229
8230
8392
8231
8393
8232
8394
8233
8395
8234
8396
8235
8397
8236
8398
8237
8399
8400
8239
8404
8240
8405
8241
8406
8242
8407
8243
8408
8244
8409
8245
8410
8411
8247
8415
8248
8416
8249
8417
8250
8418
8251
8419
8252
8420
8254
8255
8421
8256
8422
8257
8423
8258
8424
8259
8425
8260
8426
8261
8427
8262
8428
8263
8429
8430
8265
8431
8266
8432
8267
8433
8268
8434
8269
8435
8270
8436
8271
8437
8272
8438
8439
8274
8441
8275
8442
8276
8443
8277
8444
8278
8445
8279
8446
8280
8447
8281
8448
8282
8449
8283
8450
8284
8285
8286
8287
8288
8289
8451
8290
8452
8291
8453
8292
8454
8293
8455
8294
8456
8295
8457
8296
8458
8297
8459
8298
8460
8299
8461
8300
8462
8301
8463
8302
8464
8303
8465
8304
8466
8305
8467
8306
8468
8307
8469
8308
8470
8309
8471
8310
8472
8311
8473
8312
8474
8313
8475
8314
8476
8315
8477
8316
8478
8317
8479
8318
8480
8319
8481
8320
8482
8321
8483
8322
8484
8323
8485
8324
8486
8325
8487
8326
8488
8327
8489
8328
8490
8329
8491
8330
8492
8331
8493
8333
8334
8494
8335
8495
8336
8496
8337
8497
8338
8498
8339
8499
8340
8500
8341
8501
8342
8502
8343
8503
8344
8504
8345
8505
8346
8506
8347
8507
8348
8508
8349
8509
8350
8510
8351
8511
8352
8512
8353
8513
8354
8514
8355
8515
8356
8516
8357
8517
8358
8518
8359
8519
8360
8520
8361
8521
8362
8522
8363
8523
8364
8524
8365
8525
8366
8526
8367
8527
8368
8528
8369
8529
8370
8530
8371
8531
8372
8532
8373
8533
8374
8534
8375
8535
8376
8536
8377
8537
8379
8380
8538
8381
8539
8382
8540
8383
8541
8384
8542
8385
8543
8386
8544
8387
8545
8388
8546
8389
8547
8390
8548
8391
8549
8550
8393
8394
8395
8396
8551
8397
8552
8398
8553
8399
8554
8400
8555
8401
8556
8402
8557
8403
8558
8404
8559
8405
8560
8406
8561
8407
8562
8408
8563
8409
8564
8410
8565
8411
8566
8412
8567
8413
8568
8569
8415
8574
8416
8575
8417
8576
8418
8577
8419
8578
8420
8579
8580
8422
8423
8581
8424
8582
8425
8583
8426
8584
8427
8585
8428
8586
8429
8587
8430
8588
8589
8432
8590
8433
8591
8434
8592
8435
8593
8436
8594
8437
8595
8438
8596
8439
8597
8440
8598
8599
8442
8602
8443
8603
8444
8604
8445
8605
8446
8606
8447
8607
8448
8608
8449
8609
8450
8452
8453
8454
8455
8610
8456
8611
8457
8612
8458
8613
8459
8614
8460
8615
8461
8616
8462
8617
8463
8618
8464
8619
8465
8620
8466
8621
8467
8622
8468
8623
8469
8624
8470
8625
8471
8626
8472
8627
8473
8628
8474
8629
8475
8630
8476
8631
8477
8632
8478
8633
8479
8480
8481
8482
8483
8484
8485
8634
8486
8635
8487
8636
8488
8637
8489
8638
8490
8639
8491
8640
8492
8641
8493
8642
8495
8496
8497
8643
8498
8644
8499
8645
8500
8646
8501
8647
8502
8648
8503
8649
8504
8650
8505
8651
8506
8652
8507
8653
8508
8654
8509
8655
8510
8656
8511
8512
8657
8513
8658
8514
8659
8515
8660
8516
8661
8517
8662
8518
8663
8519
8664
8520
8665
8521
8666
8522
8667
8523
8668
8524
8669
8525
8670
8526
8671
8527
8672
8528
8673
8529
8674
8530
8675
8531
8676
8532
8677
8533
8678
8534
8679
8535
8680
8536
8681
8537
8682
8683
8539
8684
8540
8685
8541
8686
8542
8687
8543
8688
8544
8689
8545
8690
8546
8691
8547
8692
8548
8693
8549
8694
8550
8695
8696
8552
8553
8554
8697
8555
8698
8556
8699
8557
8700
8558
8701
8559
8702
8560
8703
8561
8704
8562
8705
8563
8706
8564
8707
8565
8708
8566
8709
8567
8710
8568
8711
8569
8712
8570
8713
8571
8714
8572
8715
8573
8716
8574
8717
8575
8718
8576
8719
8577
8720
8578
8721
8579
8722
8580
8723
8582
8724
8583
8725
8584
8726
8585
8727
8586
8728
8587
8729
8588
8730
8589
8731
8732
8591
8733
8592
8734
8593
8735
8594
8736
8595
8737
8596
8738
8597
8739
8598
8740
8599
8741
8600
8742
8743
8602
8745
8603
8746
8604
8747
8605
8748
8606
8749
8607
8750
8608
8751
8609
8752
8611
8612
8613
8614
8753
8615
8754
8616
8755
8617
8756
8618
8757
8619
8758
8620
8759
8621
8760
8622
8761
8623
8762
8624
8763
8625
8764
8626
8765
8627
8766
8628
8767
8629
8768
8630
8631
8632
8633
8635
8636
8769
8637
8770
8638
8771
8639
8772
8640
8773
8641
8774
8642
8775
8644
8645
8646
8776
8647
8777
8648
8778
8649
8779
8650
8780
8651
8781
8652
8782
8653
8783
8654
8784
8655
8656
8658
8659
8785
8660
8786
8661
8787
8662
8788
8663
8789
8664
8790
8665
8791
8666
8792
8667
8793
8668
8794
8669
8795
8670
8796
8671
8797
8672
8798
8673
8799
8674
8800
8675
8801
8676
8802
8677
8803
8678
8804
8679
8805
8680
8806
8681
8807
8682
8808
8683
8809
8810
8685
8686
8687
8688
8689
8690
8812
8691
8813
8692
8814
8693
8815
8694
8816
8695
8817
8696
8818
8819
8698
8699
8700
8820
8701
8821
8702
8822
8703
8823
8704
8824
8705
8825
8706
8826
8707
8827
8708
8828
8709
8829
8710
8830
8711
8831
8712
8832
8713
8833
8714
8834
8715
8835
8716
8836
8717
8837
8718
8838
8719
8839
8720
8840
8721
8841
8722
8842
8723
8843
8844
8725
8726
8845
8727
8846
8728
8847
8729
8848
8730
8849
8731
8850
8732
8851
8852
8734
8853
8735
8854
8736
8855
8737
8856
8738
8857
8739
8858
8740
8859
8741
8860
8742
8861
8743
8862
8744
8863
8864
8746
8866
8747
8867
8748
8868
8749
8869
8750
8870
8751
8871
8752
8872
8754
8755
8756
8757
8873
8758
8874
8759
8875
8760
8876
8761
8877
8762
8878
8763
8879
8764
8880
8765
8881
8766
8882
8767
8883
8768
8884
8885
8770
8886
8771
8887
8772
8888
8773
8889
8774
8890
8775
8891
8892
8777
8894
8778
8895
8779
8896
8780
8897
8781
8898
8782
8899
8783
8900
8784
8786
8787
8788
8901
8789
8902
8790
8903
8791
8904
8792
8905
8793
8906
8794
8907
8795
8908
8796
8909
8797
8798
8799
8800
8801
8910
8802
8911
8803
8912
8804
8913
8805
8914
8806
8915
8807
8916
8808
8917
8809
8918
8810
8919
8811
8920
8921
8813
8814
8924
8815
8925
8816
8926
8817
8927
8818
8928
8819
8929
8930
8821
8822
8931
8823
8932
8824
8933
8825
8934
8826
8935
8827
8936
8828
8937
8829
8830
8831
8832
8833
8834
8938
8835
8939
8836
8940
8837
8941
8838
8942
8839
8943
8840
8944
8841
8945
8842
8946
8843
8947
8844
8948
8846
8949
8847
8950
8848
8951
8849
8952
8850
8953
8851
8954
8852
8955
8956
8854
8957
8855
8958
8856
8959
8857
8960
8858
8961
8859
8962
8860
8963
8861
8964
8862
8965
8863
8966
8864
8967
8968
8866
8971
8867
8972
8868
8973
8869
8974
8870
8975
8871
8976
8872
8977
8874
8875
8876
8979
8877
8980
8878
8981
8879
8982
8880
8983
8881
8984
8882
8985
8883
8986
8884
8987
8885
8988
8989
8887
8991
8888
8992
8889
8993
8890
8994
8891
8995
8892
8996
8893
8997
8998
8895
8999
8896
9000
8897
9001
8898
9002
8899
9003
8900
9004
9005
8902
8903
8904
8905
8906
8907
8908
8909
8911
8912
8913
8914
8915
9006
8916
9007
8917
9008
8918
9009
8919
9010
8920
9011
8921
9012
8922
9013
8923
9014
9015
8925
8926
9017
8927
9018
8928
9019
8929
9020
8930
9021
9022
8932
8933
9023
8934
9024
8935
9025
8936
9026
8937
9027
9028
8939
8940
9029
8941
9030
8942
9031
8943
9032
8944
9033
8945
9034
8946
9035
8947
9036
8948
9037
9038
8950
8951
9039
8952
9040
8953
9041
8954
9042
8955
9043
8956
9044
9045
8958
9046
8959
9047
8960
9048
8961
9049
8962
9050
8963
9051
8964
9052
8965
9053
8966
9054
8967
9055
8968
9056
8969
9057
9058
8971
9061
8972
9062
8973
9063
8974
9064
8975
9065
8976
9066
8977
9067
9068
8979
9071
8980
9072
8981
9073
8982
9074
8983
9075
8984
9076
8985
9077
8986
9078
8987
9079
8988
9080
8989
9081
9082
8991
9083
8992
9084
8993
9085
8994
9086
8995
9087
8996
9088
8997
9089
8998
9090
9091
9000
9093
9001
9094
9002
9095
9003
9096
9004
9097
9005
9098
9007
9008
9099
9009
9100
9010
9101
9011
9102
9012
9103
9013
9104
9014
9105
9015
9106
9016
9107
9108
9018
9110
9019
9111
9020
9112
9021
9113
9022
9114
9115
9024
9116
9025
9117
9026
9118
9027
9119
9028
9120
9121
9030
9031
9122
9032
9123
9033
9124
9034
9125
9035
9126
9036
9127
9037
9128
9038
9129
9040
9130
9041
9131
9042
9132
9043
9133
9044
9134
9045
9135
9136
9047
9048
9049
9050
9051
9052
9053
9054
9055
9056
9057
9058
9059
9061
9062
9063
9064
9065
9066
9067
9068
9070
9071
9072
9073
9074
9075
9076
9077
9078
9079
9080
9081
9082
9084
9085
9086
9087
9088
9089
9090
9091
9093
9094
9095
9096
9097
9098
9100
9101
9102
9103
9104
9105
9106
9107
9108
9109
9111
9112
9113
9114
9115
9117
9118
9119
9120
9121
9123
9124
9125
9126
9127
9128
9129
9131
9132
9133
9134
9135
9136
)


// ************************************************************************* //
