/*--------------------------------*- C++ -*----------------------------------*\
  =========                 |
  \\      /  F ield         | OpenFOAM: The Open Source CFD Toolbox
   \\    /   O peration     | Website:  https://openfoam.org
    \\  /    A nd           | Version:  6
     \\/     M anipulation  |
\*---------------------------------------------------------------------------*/
FoamFile
{
    version     2.0;
    format      binary;
    class       cellSet;
    location    "constant/polyMesh/sets";
    object      tempset1;
}
// * * * * * * * * * * * * * * * * * * * * * * * * * * * * * * * * * * * * * //


11776
(
98304 
98305 
98306 
98307 
98308 
98309 
98310 
98311 
98312 
98313 
180234 
98314 
180235 
98315 
180236 
98316 
180237 
180238 
180239 
180240 
180241 
180242 
98322 
180243 
98323 
180244 
98324 
98325 
98326 
98327 
98328 
98329 
98330 
98331 
98332 
98333 
98334 
98335 
98336 
98337 
98338 
98362 
98363 
98364 
98365 
98366 
98367 
98368 
98369 
98370 
98371 
98372 
98373 
98374 
98375 
98376 
98377 
98378 
98379 
98380 
98381 
98382 
98383 
98384 
98385 
98386 
98387 
98388 
98389 
98390 
98391 
98392 
98393 
98394 
98395 
98396 
98397 
98398 
180320 
180321 
180322 
180323 
180324 
180325 
180326 
131185 
131186 
131187 
131205 
131206 
131207 
131208 
131209 
131227 
131228 
131229 
131230 
131231 
131232 
131233 
131234 
131253 
131254 
131255 
131256 
131257 
180410 
131258 
180411 
131259 
180412 
131260 
180413 
131261 
180414 
131262 
180415 
131263 
180416 
131264 
180417 
131265 
180418 
180419 
180420 
180421 
180422 
180423 
180424 
180425 
180426 
180427 
131285 
131286 
131287 
180440 
131288 
180441 
131289 
180442 
131290 
180443 
131291 
180444 
131292 
180445 
131293 
180446 
131294 
180447 
131295 
180448 
131296 
180449 
131297 
180450 
131298 
180451 
131299 
131300 
131301 
131302 
131303 
131310 
131311 
131312 
131313 
131314 
131315 
131316 
131317 
131318 
82166 
131319 
82167 
131320 
82168 
131321 
82169 
131322 
82170 
131323 
82171 
131324 
82172 
82173 
131328 
131329 
131330 
131331 
131332 
131333 
180486 
131334 
180487 
131335 
180488 
131336 
180489 
131337 
180490 
131338 
180491 
131339 
180492 
131340 
180493 
180494 
180495 
180496 
180497 
131345 
180498 
131346 
131347 
131348 
131349 
131350 
131351 
131352 
131353 
131354 
131355 
131356 
131357 
131358 
131359 
131360 
131361 
131362 
131363 
131364 
131365 
131366 
131367 
131368 
131369 
131370 
131371 
131372 
131373 
66005 
66006 
66007 
66008 
66009 
66035 
66036 
66037 
66038 
66039 
66040 
66041 
66042 
180745 
180746 
180747 
180748 
180749 
180750 
180751 
66068 
66069 
66070 
66071 
66072 
66073 
66074 
66075 
66076 
66077 
66085 
66086 
66087 
66088 
66089 
66090 
66091 
66092 
66093 
66094 
66095 
180787 
180788 
180789 
180790 
180791 
180792 
180793 
180794 
180795 
180796 
66115 
66116 
66117 
66118 
66119 
66120 
66121 
82506 
66122 
82507 
66123 
82508 
66124 
82509 
66125 
82510 
66126 
82511 
82512 
82513 
82514 
49746 
82515 
49747 
49748 
180833 
82529 
66145 
180834 
82530 
66146 
180835 
82531 
66147 
180836 
82532 
66148 
180837 
82533 
66149 
180838 
82534 
66150 
180839 
82535 
66151 
180840 
82536 
66152 
180841 
82537 
66153 
180842 
82538 
66154 
180843 
82539 
66155 
180844 
66156 
180845 
180846 
180847 
180848 
180849 
180850 
66162 
180851 
66163 
180852 
66164 
180853 
66165 
180854 
66166 
180855 
66167 
180856 
66168 
180857 
66169 
180858 
66170 
180859 
66171 
180860 
66172 
180861 
66173 
180862 
66174 
180863 
180864 
180865 
180866 
180867 
180868 
180869 
180870 
180871 
180872 
82568 
180873 
82569 
180874 
82570 
180875 
82571 
66187 
180876 
82572 
66188 
180877 
82573 
66189 
180878 
82574 
66190 
180879 
82575 
66191 
180880 
82576 
66192 
180881 
82577 
66193 
180882 
82578 
66194 
180883 
66195 
180884 
66196 
180885 
66197 
180886 
66198 
66199 
82584 
82585 
82586 
82587 
82588 
82589 
82590 
82591 
82592 
82593 
82594 
82595 
66216 
66217 
66218 
66219 
66220 
66221 
66222 
82607 
66223 
82608 
66224 
82609 
66225 
82610 
66226 
82611 
66227 
82612 
66228 
82613 
66229 
82614 
82615 
82616 
82617 
82618 
180924 
180925 
180926 
82622 
180927 
82623 
180928 
82624 
180929 
82625 
180930 
82626 
180931 
82627 
180932 
82628 
180933 
82629 
180934 
82630 
180935 
82631 
180936 
82632 
180937 
82633 
180938 
180939 
180940 
180941 
180942 
180943 
180944 
180945 
82641 
180946 
82642 
82643 
82644 
82645 
82646 
82647 
82648 
82649 
82650 
82651 
82652 
82660 
82661 
82662 
82663 
82664 
82665 
82666 
82667 
82668 
82669 
82670 
82671 
82672 
82673 
82674 
82675 
82676 
82677 
82678 
82679 
82680 
82681 
180986 
82682 
180987 
180988 
180989 
180990 
180991 
180992 
180993 
180994 
82690 
180995 
82691 
180996 
82692 
180997 
82693 
180998 
82694 
180999 
82695 
181000 
82696 
181001 
82697 
181002 
82698 
181003 
82699 
181004 
82700 
181005 
82701 
181006 
181007 
82713 
82714 
82715 
82716 
82717 
181022 
82718 
181023 
82719 
181024 
82720 
181025 
82721 
181026 
82722 
181027 
82723 
181028 
82724 
181029 
82725 
181030 
82726 
181031 
82727 
181032 
82728 
181033 
82729 
181034 
82730 
181035 
82731 
181036 
82732 
181037 
82733 
181038 
82734 
181039 
82735 
181040 
82736 
181041 
82745 
82746 
82747 
66363 
82748 
66364 
181053 
82749 
66365 
181054 
82750 
181055 
82751 
181056 
82752 
181057 
82753 
181058 
82754 
181059 
82755 
181060 
82756 
181061 
181062 
181063 
181064 
181065 
181066 
181067 
181068 
66380 
181069 
66381 
181070 
66382 
181071 
66383 
66384 
66385 
66386 
66387 
82778 
82779 
82780 
82781 
82782 
82783 
66399 
82784 
66400 
82785 
66401 
82786 
66402 
82787 
66403 
82788 
66404 
82789 
66405 
82790 
66406 
66407 
66408 
66409 
181107 
66419 
181108 
66420 
181109 
66421 
181110 
66422 
181111 
66423 
181112 
66424 
181113 
66425 
181114 
66426 
181115 
66427 
50043 
181116 
66428 
50044 
181117 
66429 
50045 
181118 
66430 
181119 
66431 
181120 
66432 
181121 
181122 
181123 
181124 
181125 
181126 
181127 
181128 
66440 
181129 
66441 
181130 
66442 
181131 
66443 
181132 
66444 
50060 
181133 
66445 
50061 
181134 
66446 
50062 
181135 
66447 
50063 
66448 
50064 
181137 
66449 
50065 
181138 
66450 
50066 
181139 
66451 
50067 
181140 
66452 
181141 
66453 
181142 
66454 
181143 
66459 
66460 
66461 
66462 
66463 
66464 
66465 
66466 
66467 
66468 
66469 
66470 
66471 
66472 
66473 
66474 
66479 
66480 
66481 
66482 
66483 
66484 
66485 
66486 
66487 
66488 
66489 
66490 
66491 
66492 
66493 
66525 
66526 
66527 
66528 
66529 
66530 
66531 
66532 
66533 
66534 
66535 
66536 
66537 
66538 
66539 
82926 
82927 
82928 
66544 
82929 
66545 
66546 
66547 
66548 
66549 
66550 
66551 
82936 
66552 
82937 
66553 
82938 
66554 
82939 
66555 
82940 
66556 
82941 
66557 
82942 
66558 
66563 
66564 
82949 
66565 
82950 
66566 
82951 
66567 
82952 
66568 
82953 
66569 
82954 
66570 
82955 
66571 
82956 
66572 
82957 
66573 
82958 
66574 
66575 
66576 
82965 
82966 
82967 
82968 
82969 
82970 
82971 
82972 
82973 
82974 
82975 
82976 
82977 
82978 
82979 
82980 
82981 
82982 
82989 
82990 
82991 
82992 
82993 
82994 
82995 
82996 
82997 
82998 
82999 
83000 
83001 
83002 
83003 
83004 
83005 
230465 
230466 
83010 
230467 
83011 
230468 
83012 
230469 
83013 
230470 
83014 
230471 
83015 
230472 
83016 
230473 
83017 
230474 
83018 
230475 
83019 
230476 
83020 
230477 
83021 
230478 
83022 
230479 
83023 
230480 
83024 
230481 
83025 
230482 
83026 
230483 
230484 
230485 
230486 
230487 
83031 
230488 
83032 
230489 
83033 
230490 
83034 
230491 
83035 
230492 
83036 
230493 
83037 
230494 
83038 
230495 
83039 
230496 
83040 
230497 
83041 
230498 
83042 
230499 
83043 
83044 
230501 
83045 
230502 
83046 
230503 
83047 
230504 
230505 
230506 
230507 
230508 
230511 
230512 
230513 
230514 
230515 
230516 
230517 
230518 
83070 
83071 
83072 
83073 
83074 
83075 
83076 
83077 
83078 
230535 
83079 
83080 
83081 
83082 
83083 
83084 
230541 
83085 
230542 
83086 
230543 
230544 
83091 
83092 
83093 
83094 
83095 
83096 
83097 
83098 
83099 
83100 
83101 
83102 
83103 
230560 
83104 
230561 
83105 
83106 
83107 
83112 
83113 
83114 
83115 
83116 
83117 
83118 
83119 
83120 
83121 
83122 
83123 
83124 
83125 
83126 
148689 
214247 
214248 
214249 
214250 
214251 
214252 
214253 
214254 
214255 
214256 
214257 
214258 
214259 
214260 
214261 
214262 
214263 
214264 
214265 
214266 
214267 
214268 
214269 
214270 
214271 
214272 
214273 
214274 
214275 
214276 
214277 
214278 
214279 
214280 
214281 
214302 
214303 
214304 
214305 
214306 
214307 
214308 
214309 
214310 
214311 
214331 
214332 
214333 
214334 
214335 
214336 
214337 
214338 
214339 
214340 
214343 
214344 
214345 
214346 
214347 
214419 
214420 
214466 
214467 
116164 
116165 
116166 
116167 
116168 
231032 
231033 
100058 
100059 
100060 
100061 
100062 
100063 
100064 
100065 
100066 
214782 
214783 
214784 
214785 
214786 
214787 
214788 
214789 
247575 
247576 
247577 
247578 
247579 
247580 
247581 
247584 
247585 
247586 
247587 
247588 
247589 
247590 
247594 
247595 
247596 
214828 
247597 
214829 
247598 
214830 
247599 
214831 
247600 
214832 
214833 
247605 
247606 
247607 
247608 
247609 
247610 
247617 
247618 
247619 
247620 
247621 
149317 
247625 
247626 
247627 
247628 
149355 
214894 
214895 
214896 
214897 
214898 
149364 
149365 
149366 
149367 
149368 
149392 
149393 
214941 
214942 
214943 
116642 
116643 
116644 
116645 
116646 
116647 
116648 
149417 
149418 
149419 
149420 
149421 
116668 
116669 
116670 
116671 
116672 
116673 
116674 
214982 
214983 
116679 
116680 
116681 
116682 
116683 
116684 
149467 
149468 
149469 
149470 
116706 
116707 
116708 
116726 
116727 
116728 
116729 
116730 
116731 
116732 
116753 
116754 
116755 
116756 
149529 
149530 
149531 
149532 
149533 
149534 
149535 
149536 
149537 
149538 
149539 
149551 
149552 
149553 
149554 
149555 
116787 
149556 
116788 
149557 
116789 
116790 
116791 
116792 
116793 
116794 
116795 
116796 
116797 
116811 
116812 
116813 
116814 
116815 
116816 
116817 
149587 
149588 
149589 
149590 
149591 
149592 
149593 
149594 
133221 
133222 
165996 
165997 
165998 
165999 
116847 
166000 
116848 
166001 
116849 
166002 
116850 
116851 
116852 
116853 
198782 
198783 
198784 
198785 
198786 
198787 
198788 
198789 
198790 
198791 
198792 
198793 
198794 
198795 
198796 
198797 
198798 
198799 
166031 
198800 
166032 
198801 
166033 
198802 
198803 
100499 
198804 
100500 
198805 
100501 
100502 
100503 
100504 
100505 
100506 
100507 
100508 
100509 
100510 
100511 
100512 
100513 
166063 
166064 
100528 
166065 
100529 
166066 
100530 
166067 
100531 
198836 
166068 
100532 
198837 
166069 
100533 
198838 
100534 
198839 
100535 
198840 
100536 
198841 
100537 
198842 
100538 
100539 
100540 
100541 
100545 
100546 
100547 
100548 
100549 
100550 
100551 
100552 
100553 
100554 
100555 
100556 
198867 
198868 
198869 
100565 
198870 
100566 
198871 
100567 
198872 
100568 
198873 
100569 
198874 
100570 
198875 
198876 
198877 
198878 
198879 
198880 
198881 
198882 
198883 
100581 
100582 
100583 
100584 
100585 
100586 
100587 
100588 
100589 
100590 
100591 
100592 
149746 
149747 
149748 
166133 
149749 
166134 
166135 
166136 
166137 
100604 
100605 
100606 
100607 
100608 
100609 
116998 
116999 
149773 
149774 
149775 
149776 
149777 
149778 
117012 
117013 
117014 
117015 
100632 
100633 
100634 
100635 
100636 
100637 
100638 
100639 
100640 
100641 
100642 
100643 
100644 
117029 
100645 
117030 
117031 
117032 
117033 
149802 
117034 
149803 
149804 
149805 
198958 
149806 
198959 
149807 
198960 
149808 
198961 
149809 
198962 
149810 
198963 
149811 
100659 
198964 
149812 
100660 
198965 
149813 
100661 
198966 
149814 
100662 
198967 
149815 
100663 
149816 
100664 
149817 
117049 
100665 
149818 
117050 
149819 
117051 
149820 
117052 
149821 
117053 
149822 
117054 
117055 
117056 
117057 
117058 
166212 
166213 
166214 
166215 
166216 
166217 
166218 
166219 
166220 
166221 
166222 
166223 
166224 
166225 
117073 
166226 
117074 
100690 
117075 
100691 
117076 
100692 
117077 
100693 
117078 
100694 
117079 
100695 
149848 
117080 
100696 
149849 
117081 
100697 
149850 
117082 
149851 
117083 
149852 
117084 
149853 
117085 
149854 
117086 
166239 
149855 
117087 
166240 
149856 
117088 
166241 
149857 
117089 
166242 
149858 
166243 
149859 
166244 
149860 
166245 
149861 
166246 
149862 
166247 
149863 
149864 
149865 
149866 
117098 
149867 
117099 
117100 
117101 
117102 
117103 
117104 
117105 
117106 
117107 
199028 
117108 
199029 
117109 
199030 
117110 
199031 
117111 
199032 
117112 
199033 
117113 
199034 
117114 
199035 
199036 
199037 
199038 
117119 
199040 
117120 
199041 
117121 
199042 
117122 
199043 
117123 
117124 
117125 
149894 
117126 
149895 
117127 
149896 
117128 
149897 
117129 
149898 
117130 
149899 
117131 
149900 
117132 
166285 
149901 
199054 
166286 
149902 
199055 
166287 
149903 
166288 
149904 
166289 
149905 
166290 
149906 
166291 
149907 
166292 
149908 
166293 
149909 
117141 
166294 
149910 
117142 
149911 
117143 
149912 
117144 
149913 
117145 
117146 
117147 
117148 
117149 
117150 
117151 
117152 
149921 
117153 
149922 
117154 
149923 
117155 
149924 
117156 
149925 
117157 
149926 
117158 
149927 
117159 
149928 
117160 
199081 
149929 
117161 
199082 
149930 
117162 
149931 
117163 
149932 
117164 
149933 
117165 
149934 
117166 
149935 
117167 
117168 
149941 
149942 
149943 
149944 
149945 
149946 
149947 
149948 
149949 
149950 
149951 
149952 
149953 
51649 
51650 
51651 
149962 
149963 
149964 
149965 
149966 
149967 
149968 
149969 
149970 
149971 
149972 
149973 
149974 
149975 
149976 
149977 
149978 
149979 
149980 
149981 
149982 
149983 
100831 
149984 
100832 
149985 
100833 
149986 
51682 
149987 
51683 
149988 
51684 
149989 
51685 
149990 
51686 
149991 
51687 
149992 
51688 
149993 
51689 
149994 
100842 
100843 
100844 
100845 
100846 
100855 
100856 
100857 
100858 
100859 
100869 
100870 
100871 
100872 
100873 
100874 
100875 
100876 
100877 
100888 
100889 
100890 
100891 
100892 
100893 
100894 
100895 
100896 
100897 
100898 
100899 
100900 
100901 
100902 
100903 
100904 
100910 
100911 
100912 
100913 
100914 
100915 
100916 
100917 
100918 
100919 
100920 
100921 
100922 
100923 
100924 
100925 
100926 
100927 
100934 
100935 
100936 
100937 
100938 
100939 
100940 
100941 
100942 
100943 
100944 
100945 
100946 
100947 
100948 
100949 
100950 
100951 
166494 
166495 
166496 
166497 
166498 
166499 
100975 
100976 
100977 
100978 
100979 
100980 
100981 
100982 
100983 
100984 
100985 
100986 
100987 
100988 
100989 
100990 
100991 
100992 
166529 
100993 
166530 
100994 
166531 
100995 
166532 
100996 
166533 
100997 
166534 
100998 
166535 
100999 
101000 
101001 
101002 
101003 
133772 
101004 
133773 
101005 
133774 
101006 
101007 
68239 
101008 
68240 
101009 
68241 
68255 
68256 
68257 
68258 
68259 
68260 
68261 
68262 
199335 
166567 
199336 
166568 
199337 
166569 
199338 
166570 
199339 
166571 
199340 
166572 
133804 
199341 
166573 
133805 
199342 
166574 
133806 
166575 
166576 
166577 
166578 
166579 
166580 
166581 
133813 
166582 
133814 
166583 
133815 
166584 
166585 
166586 
166587 
166588 
166589 
166590 
166591 
68287 
166592 
68288 
166593 
68289 
166594 
68290 
166595 
84675 
68291 
166596 
84676 
68292 
166597 
84677 
68293 
166598 
84678 
68294 
166599 
84679 
68295 
166600 
84680 
68296 
166601 
84681 
166602 
84682 
166603 
84683 
84684 
133843 
133844 
199386 
199387 
199388 
199389 
199390 
199391 
199392 
199393 
199394 
199395 
68323 
68324 
68325 
133862 
68326 
133863 
68327 
133864 
68328 
133865 
68329 
133866 
68330 
166635 
68331 
166636 
68332 
166637 
68333 
166638 
166639 
166640 
166641 
166642 
166643 
166644 
68340 
166645 
68341 
166646 
68342 
166647 
68343 
166648 
68344 
166649 
68345 
166650 
68346 
51962 
166651 
68347 
51963 
166652 
68348 
51964 
166653 
68349 
51965 
166654 
68350 
166655 
68351 
166656 
166657 
166658 
166659 
133898 
133899 
133900 
51980 
133901 
51981 
68366 
51982 
68367 
51983 
68368 
51984 
68369 
51985 
68370 
51986 
68371 
51987 
68372 
68373 
68374 
199447 
68375 
199448 
68376 
199449 
68377 
199450 
199451 
199452 
199453 
51997 
199454 
51998 
199455 
51999 
199456 
52000 
199457 
52001 
52002 
52003 
52004 
166693 
52005 
166694 
52006 
199463 
166695 
52007 
199464 
166696 
199465 
166697 
199466 
166698 
199467 
166699 
68395 
199468 
166700 
68396 
199469 
166701 
68397 
199470 
166702 
68398 
199471 
166703 
68399 
199472 
166704 
68400 
199473 
166705 
68401 
199474 
166706 
68402 
199475 
166707 
68403 
199476 
166708 
68404 
166709 
68405 
166710 
68406 
166711 
166712 
199482 
199483 
133947 
199484 
133948 
68412 
199485 
133949 
68413 
199486 
133950 
68414 
199487 
133951 
68415 
199488 
133952 
68416 
199489 
133953 
68417 
199490 
133954 
68418 
199491 
166723 
133955 
68419 
199492 
166724 
133956 
68420 
199493 
166725 
68421 
199494 
166726 
68422 
199495 
166727 
68423 
199496 
166728 
68424 
199497 
166729 
166730 
166731 
166732 
166733 
166734 
166735 
133967 
166736 
133968 
166737 
133969 
166738 
133970 
166739 
133971 
133972 
68436 
68437 
68438 
68439 
68440 
68441 
68442 
68443 
166748 
68444 
166749 
68445 
166750 
68446 
166751 
68447 
166752 
68448 
166753 
68449 
166754 
166755 
166756 
166757 
166758 
166759 
166760 
166761 
166762 
166763 
133997 
133998 
133999 
134000 
134001 
68465 
134002 
68466 
134003 
68467 
68468 
68469 
68470 
68471 
68472 
199545 
68473 
199546 
68474 
199547 
68475 
199548 
68476 
199549 
68477 
199550 
68478 
199551 
166783 
199552 
166784 
199553 
166785 
199554 
166786 
199555 
166787 
199556 
166788 
166789 
166790 
166791 
166792 
166793 
166794 
166795 
166796 
166797 
166798 
166799 
166800 
166801 
166802 
166803 
166804 
166805 
166806 
166807 
166808 
166809 
166810 
166811 
166812 
166813 
166814 
166815 
166816 
166817 
166818 
166819 
166820 
166821 
166822 
199600 
199601 
199602 
199603 
199604 
199605 
199606 
199607 
199632 
199633 
199634 
199635 
199636 
199637 
199660 
199661 
199662 
199663 
199664 
134141 
134142 
134143 
68615 
68616 
68617 
68618 
68619 
68620 
68621 
68622 
134161 
134162 
134163 
134164 
68634 
68635 
68636 
68637 
68638 
68639 
68640 
68641 
68642 
68643 
68644 
134184 
134185 
134186 
85034 
134187 
85035 
134188 
85036 
134189 
85037 
134190 
85038 
68654 
134191 
85039 
68655 
134192 
85040 
68656 
134193 
85041 
68657 
85042 
68658 
199731 
85043 
68659 
199732 
85044 
68660 
199733 
68661 
199734 
68662 
68663 
68664 
199737 
68665 
199738 
68666 
199739 
68667 
85052 
85053 
199742 
85054 
85055 
85056 
85057 
85058 
85059 
68675 
85060 
68676 
134213 
85061 
68677 
134214 
85062 
68678 
134215 
68679 
134216 
68680 
134217 
68681 
134218 
68682 
134219 
68683 
134220 
68684 
134221 
68685 
134222 
68686 
134223 
68687 
134224 
68688 
134225 
68689 
68695 
68696 
68697 
68698 
68699 
68700 
85085 
68701 
85086 
68702 
85087 
68703 
85088 
68704 
85089 
68705 
85090 
68706 
85091 
68707 
85092 
68708 
85093 
68709 
134246 
85094 
68710 
134247 
85095 
134248 
85096 
134249 
134250 
134251 
85099 
68715 
134252 
85100 
68716 
134253 
85101 
68717 
134254 
85102 
68718 
134255 
85103 
68719 
134256 
85104 
68720 
134257 
85105 
68721 
134258 
85106 
68722 
134259 
85107 
68723 
134260 
85108 
68724 
134261 
85109 
68725 
134262 
85110 
68726 
134263 
68727 
68728 
68729 
68730 
134270 
85118 
134271 
85119 
68735 
134272 
85120 
68736 
134273 
85121 
68737 
134274 
85122 
68738 
134275 
85123 
68739 
134276 
85124 
68740 
134277 
85125 
68741 
134278 
85126 
68742 
134279 
85127 
68743 
134280 
85128 
68744 
134281 
85129 
68745 
134282 
68746 
134283 
68747 
85132 
68748 
85133 
68749 
85134 
85135 
134288 
85136 
134289 
85137 
134290 
85138 
134291 
85139 
134292 
85140 
134293 
85141 
134294 
85142 
134295 
134296 
134297 
134298 
134299 
134300 
85151 
85152 
134305 
85153 
134306 
85154 
134307 
85155 
134308 
85156 
134309 
85157 
134310 
85158 
134311 
85159 
134312 
85160 
134313 
85161 
134314 
134315 
134316 
134317 
68781 
134318 
68782 
134319 
68783 
134320 
68784 
134321 
68785 
134322 
85170 
68786 
134323 
85171 
68787 
134324 
85172 
68788 
134325 
85173 
68789 
134326 
85174 
68790 
134327 
85175 
68791 
134328 
85176 
68792 
134329 
85177 
68793 
134330 
85178 
68794 
134331 
85179 
68795 
134332 
85180 
134333 
85181 
85182 
85183 
85184 
68800 
85185 
68801 
85186 
68802 
85187 
68803 
85188 
68804 
85189 
68805 
85190 
68806 
68807 
68808 
68809 
68810 
68811 
68812 
68813 
85198 
68814 
85199 
85200 
85201 
85202 
85203 
68819 
85204 
68820 
85205 
68821 
85206 
68822 
85207 
68823 
68824 
68825 
68826 
68827 
68828 
68829 
68830 
68831 
68832 
68833 
85220 
85221 
85222 
85223 
85224 
85225 
85226 
85227 
85228 
85229 
85230 
85231 
85232 
85233 
85234 
85235 
85236 
85237 
85238 
85239 
85240 
85241 
85251 
85252 
85253 
85254 
85255 
85256 
85257 
85258 
85259 
85260 
85261 
85262 
85283 
85284 
85285 
85286 
85287 
85288 
85289 
85290 
85291 
85292 
85293 
85294 
85425 
85426 
85427 
85428 
85435 
85436 
85437 
85438 
85439 
85440 
85447 
85448 
85449 
85450 
85451 
85452 
85453 
85454 
85455 
85456 
85463 
85464 
85465 
85466 
85467 
85468 
85469 
85470 
85471 
85472 
85473 
85474 
85475 
85476 
85484 
85485 
85486 
85487 
85488 
85489 
85490 
85491 
85492 
85493 
85494 
85495 
85496 
85497 
183802 
85498 
183803 
85499 
183804 
85500 
183805 
85501 
183806 
183807 
183808 
183809 
183810 
85506 
183811 
85507 
183812 
85508 
183813 
85509 
183814 
85510 
85511 
85512 
85513 
85514 
85515 
85516 
85517 
85518 
85519 
85520 
85521 
85522 
85527 
85528 
85529 
85530 
85531 
85532 
85533 
85534 
85535 
85536 
85537 
85538 
85539 
85540 
85541 
183846 
85542 
183847 
85543 
183848 
183849 
85566 
85567 
85568 
85569 
85570 
85571 
85572 
85573 
85574 
85575 
85576 
85577 
183882 
85578 
183883 
85579 
183884 
85580 
183885 
85581 
183886 
85582 
183887 
183888 
183889 
183890 
183891 
85587 
183892 
85588 
85589 
85590 
85591 
85592 
85593 
85594 
85595 
85596 
85597 
85598 
85599 
85600 
85601 
85602 
85608 
85609 
85610 
85611 
85612 
85613 
85614 
85615 
85616 
85617 
85618 
85619 
85620 
183973 
183974 
183975 
183976 
183977 
183978 
183979 
265909 
265910 
265911 
265912 
265922 
265923 
265924 
184055 
184056 
184057 
184058 
184059 
184060 
184061 
184062 
184063 
184064 
184065 
184066 
184067 
184068 
184069 
184070 
184071 
184072 
184073 
184074 
184087 
184088 
184089 
184090 
184091 
184092 
184093 
184094 
184095 
184096 
184097 
184098 
184132 
184133 
184134 
184135 
184136 
184137 
184138 
184139 
184391 
184392 
184393 
184394 
184395 
184396 
184397 
184398 
184435 
184436 
184437 
184438 
184439 
184440 
184441 
184442 
184443 
184444 
118932 
118933 
118934 
118935 
184483 
184484 
184485 
184486 
184487 
184488 
184489 
184490 
184491 
184492 
184493 
184494 
184495 
184496 
184497 
184498 
184499 
184500 
184501 
184502 
184503 
184504 
184505 
184506 
184507 
184508 
184509 
184510 
184511 
184512 
184513 
184514 
184515 
184516 
184517 
184518 
184519 
184520 
184521 
184522 
184523 
184524 
184525 
184526 
184527 
184528 
184529 
184530 
184531 
184532 
184533 
184534 
184535 
184536 
184537 
184538 
184539 
184579 
184580 
184581 
184582 
184583 
184584 
184585 
184586 
184587 
184588 
184589 
184590 
184591 
184592 
184593 
184594 
184595 
184596 
102676 
184597 
102677 
184598 
102678 
184599 
102679 
184600 
102680 
184601 
102681 
102682 
102683 
53567 
53568 
53569 
184643 
184644 
184645 
184646 
184647 
184648 
184649 
184650 
184651 
184652 
184653 
184654 
184655 
184656 
184657 
184658 
184659 
184660 
184661 
184662 
184663 
184664 
53601 
53602 
53603 
53604 
53605 
53606 
53607 
53608 
184681 
184682 
184683 
184684 
184685 
184686 
184687 
184688 
184689 
184690 
184691 
184692 
184693 
184694 
184695 
184696 
184697 
184698 
184699 
184700 
184701 
53636 
53637 
53638 
53639 
53640 
53641 
53642 
184715 
53643 
184716 
53644 
184717 
53645 
184718 
53646 
184719 
184720 
184721 
184722 
184723 
184724 
184725 
184726 
184727 
184728 
184729 
184730 
184731 
184732 
184733 
184773 
184774 
184775 
184776 
184777 
184778 
184779 
184780 
184781 
184782 
184783 
184784 
184785 
184786 
184787 
184788 
184789 
184790 
184791 
184793 
184794 
184795 
184796 
184797 
184798 
53869 
53870 
53871 
119419 
119420 
119421 
119422 
119423 
119424 
119425 
53910 
119447 
53911 
119448 
53912 
119449 
53913 
119450 
53914 
119451 
53915 
53916 
53917 
119456 
119457 
119458 
119459 
119460 
53929 
53930 
53931 
53932 
53933 
53934 
53935 
53936 
53937 
53938 
53939 
53947 
119484 
53948 
119485 
53949 
119486 
53950 
53951 
53952 
53953 
53954 
53955 
53956 
53957 
53958 
53959 
119505 
119506 
119507 
119508 
119509 
119510 
103126 
103127 
103128 
103129 
103130 
103131 
103132 
103133 
103134 
103135 
103136 
103137 
103138 
119533 
119534 
119535 
119536 
103154 
103155 
103156 
103157 
103158 
103159 
103160 
103161 
103162 
103163 
103164 
103165 
103166 
103170 
103171 
103172 
103173 
103174 
103175 
103176 
103177 
103178 
103179 
103180 
119570 
119571 
119572 
119573 
103189 
119574 
103190 
119575 
103191 
119576 
103192 
119577 
103193 
119578 
119579 
103205 
103206 
103207 
103208 
103209 
119594 
103210 
119595 
103211 
119596 
103212 
119597 
103213 
119598 
103214 
119599 
103215 
103230 
103231 
103232 
103233 
103234 
103235 
119627 
119628 
119629 
119630 
119631 
119632 
119633 
103259 
103260 
103261 
103262 
103263 
103264 
103265 
103266 
103267 
70499 
103268 
70500 
103269 
70501 
103270 
103271 
103285 
103286 
103287 
103288 
103289 
103290 
103291 
70528 
70529 
70530 
70531 
70532 
70533 
70534 
70535 
103315 
70547 
103316 
70548 
103317 
70549 
103318 
70550 
103319 
70551 
103320 
70552 
103321 
70553 
103322 
70554 
70555 
70556 
70581 
70582 
70583 
70584 
70585 
70586 
70587 
70588 
70589 
70590 
70591 
70611 
70612 
70613 
70614 
70615 
70616 
70617 
70618 
119771 
70619 
119772 
70620 
119773 
70621 
70622 
70629 
70630 
70631 
70632 
152553 
70633 
70634 
119787 
70635 
119788 
70636 
119789 
70637 
70638 
70639 
70640 
119804 
119805 
119806 
70654 
119807 
70655 
119808 
70656 
119809 
70657 
119810 
70658 
70659 
136196 
70660 
136197 
70661 
70662 
70663 
70664 
70665 
119825 
119826 
119827 
119828 
119829 
119830 
119831 
119832 
152601 
119833 
152602 
70682 
152603 
70683 
152604 
70684 
152605 
70685 
70686 
70687 
70688 
70689 
70690 
70691 
70692 
103461 
70693 
103462 
70694 
103463 
119850 
119851 
119852 
70700 
119853 
70701 
119854 
70702 
119855 
70703 
119856 
103472 
70704 
119857 
103473 
70705 
119858 
103474 
70706 
119859 
103475 
70707 
119860 
70708 
119861 
70709 
152630 
119862 
70710 
152631 
119863 
70711 
119864 
70712 
119865 
119866 
119867 
103485 
103486 
103487 
103488 
103489 
103490 
119876 
70724 
119877 
70725 
119878 
70726 
119879 
70727 
119880 
70728 
119881 
70729 
119882 
70730 
119883 
70731 
119884 
70732 
119885 
103501 
70733 
119886 
103502 
70734 
119887 
103503 
70735 
152656 
119888 
103504 
70736 
152657 
119889 
103505 
70737 
152658 
119890 
103506 
152659 
119891 
103507 
152660 
119892 
103508 
152661 
103509 
103510 
119896 
119897 
119898 
119899 
119900 
119901 
119902 
119903 
119904 
119905 
103521 
119906 
103522 
119907 
103523 
119908 
103524 
70756 
103525 
70757 
103526 
70758 
103527 
70759 
103528 
70760 
103529 
70761 
103530 
70762 
103531 
70763 
119916 
103532 
70764 
119917 
103533 
70765 
119918 
103534 
70766 
119919 
103535 
70767 
119920 
70768 
119921 
70769 
119922 
119923 
119924 
119925 
119926 
103542 
119927 
103543 
119928 
103544 
119929 
103545 
119930 
103546 
119931 
103547 
119932 
103548 
119933 
103549 
119934 
103550 
119935 
103551 
119936 
103552 
119937 
103553 
119938 
103554 
119939 
103555 
119940 
103556 
119941 
103557 
152710 
119942 
103558 
152711 
119943 
103559 
218248 
152712 
119944 
218249 
152713 
119945 
218250 
218251 
218252 
218253 
218254 
103566 
234639 
218255 
103567 
234640 
218256 
103568 
234641 
218257 
103569 
234642 
218258 
103570 
234643 
218259 
103571 
234644 
218260 
103572 
234645 
218261 
103573 
234646 
218262 
103574 
234647 
218263 
103575 
234648 
218264 
103576 
234649 
218265 
103577 
234650 
218266 
103578 
234651 
218267 
103579 
234652 
218268 
103580 
234653 
218269 
103581 
234654 
218270 
103582 
234655 
218271 
103583 
234656 
218272 
234657 
218273 
234658 
218274 
87202 
234659 
218275 
87203 
234660 
218276 
87204 
234661 
218277 
87205 
234662 
218278 
87206 
234663 
218279 
87207 
234664 
218280 
87208 
234665 
218281 
87209 
234666 
218282 
87210 
234667 
218283 
87211 
234668 
218284 
87212 
218285 
234670 
218286 
234671 
218287 
234672 
234673 
234674 
103602 
234675 
103603 
234676 
103604 
234677 
103605 
103606 
103607 
234680 
103608 
234681 
103609 
234682 
103610 
234683 
103611 
234684 
103612 
234685 
103613 
234686 
103614 
234687 
103615 
103616 
103617 
103618 
218307 
103619 
234692 
103620 
234693 
218309 
103621 
234694 
218310 
103622 
234695 
218311 
103623 
234696 
218312 
103624 
234697 
218313 
152777 
103625 
234698 
218314 
152778 
103626 
218315 
152779 
103627 
218316 
152780 
103628 
218317 
152781 
103629 
152782 
103630 
152783 
103631 
152784 
103632 
152785 
103633 
152786 
103634 
152787 
103635 
234720 
152800 
234721 
218337 
152801 
218338 
152802 
218339 
152803 
218340 
152804 
218341 
152805 
218342 
152806 
218343 
152807 
218344 
218345 
218346 
218347 
218348 
70909 
70910 
70911 
70912 
70913 
70914 
152839 
152840 
152841 
152842 
152843 
152844 
70924 
152845 
70925 
152846 
70926 
152847 
70927 
70928 
70929 
70930 
70931 
70932 
70933 
70934 
70935 
70936 
70937 
70946 
70947 
70948 
70949 
70950 
70951 
70952 
70953 
70954 
70955 
70956 
70957 
70958 
70959 
70960 
218417 
70967 
70968 
70969 
70970 
70971 
70972 
70973 
70974 
70975 
70976 
70977 
70978 
70979 
70980 
70981 
70982 
70988 
70989 
70990 
70991 
70992 
70993 
70994 
70995 
70996 
70997 
70998 
70999 
71000 
71001 
71002 
71003 
71008 
71009 
71010 
71011 
71012 
71013 
71014 
71015 
71016 
71017 
71018 
71019 
71020 
71021 
71022 
71023 
71028 
71029 
71030 
71031 
71032 
71033 
71034 
71035 
71036 
71037 
71038 
71039 
71040 
71041 
71042 
71043 
71073 
71074 
71075 
71076 
71077 
71078 
71079 
71080 
71081 
71082 
153003 
71083 
153004 
71084 
153005 
71085 
153006 
71086 
153007 
71087 
71092 
71093 
71094 
71095 
71096 
71097 
71098 
71099 
71100 
71101 
71102 
71103 
71104 
71105 
71106 
71111 
153032 
71112 
153033 
71113 
153034 
71114 
153035 
71115 
153036 
71116 
153037 
71117 
71118 
71119 
71120 
71121 
71122 
71123 
71124 
71125 
153063 
153064 
153065 
153066 
153067 
153068 
153069 
153070 
153071 
153072 
153073 
153074 
153075 
153076 
169461 
153077 
169462 
153078 
169463 
153079 
169464 
153080 
169465 
153081 
169466 
153082 
169467 
153083 
153084 
153085 
169497 
153113 
169498 
153114 
169499 
153115 
153116 
153117 
153118 
153119 
87583 
153120 
87584 
153121 
87585 
153122 
87586 
153123 
87587 
153124 
87588 
153125 
87589 
153126 
87590 
153127 
87591 
153128 
87592 
153129 
87593 
153130 
153131 
153132 
153133 
153134 
153135 
87599 
87600 
87601 
87602 
87603 
87604 
87605 
87606 
87607 
87608 
87609 
169530 
136762 
87610 
169531 
136763 
169532 
169533 
169534 
169535 
169536 
169537 
169538 
153163 
153164 
87628 
153165 
87629 
153166 
87630 
153167 
87631 
153168 
87632 
153169 
87633 
153170 
87634 
153171 
87635 
153172 
87636 
153173 
87637 
153174 
87638 
153175 
87639 
153176 
87640 
153177 
136793 
87641 
153178 
136794 
87642 
153179 
87643 
153180 
87644 
153181 
87645 
87646 
87647 
87648 
136801 
87649 
136802 
87650 
136803 
153189 
153190 
153191 
153192 
87656 
153193 
87657 
153194 
87658 
153195 
87659 
153196 
87660 
153197 
87661 
153198 
87662 
153199 
87663 
153200 
87664 
153201 
87665 
153202 
87666 
153203 
87667 
153204 
87668 
87669 
87670 
87671 
87672 
87673 
87674 
153211 
87675 
153212 
153213 
153214 
153215 
136831 
153216 
136832 
153217 
153218 
87682 
153219 
87683 
169604 
153220 
87684 
169605 
153221 
87685 
169606 
153222 
87686 
169607 
153223 
87687 
169608 
153224 
87688 
169609 
87689 
87690 
87691 
153235 
136851 
87699 
153236 
136852 
87700 
153237 
136853 
87701 
153238 
136854 
87702 
153239 
136855 
87703 
153240 
136856 
87704 
153241 
87705 
153242 
87706 
153243 
87707 
153244 
87708 
153245 
87709 
153246 
87710 
153247 
87711 
218784 
153248 
87712 
218785 
153249 
87713 
218786 
153250 
87714 
218787 
153251 
87715 
218788 
153252 
87716 
218789 
153253 
87717 
153254 
153255 
153256 
153257 
153258 
153259 
153260 
87724 
153261 
87725 
153262 
87726 
153263 
87727 
153264 
87728 
153265 
87729 
153266 
87730 
153267 
87731 
153268 
87732 
136891 
136892 
136893 
87747 
87748 
87749 
87750 
87751 
87752 
87753 
87754 
87755 
218828 
87756 
218829 
87757 
218830 
87758 
218831 
87759 
218832 
87760 
87761 
87762 
87763 
87764 
87765 
169686 
87766 
169687 
87767 
169688 
169689 
169690 
169691 
169692 
169693 
169694 
169695 
169696 
87776 
169697 
87777 
169698 
87778 
169699 
87779 
169700 
87780 
87781 
87782 
87783 
87784 
87785 
87786 
136941 
136942 
136943 
136944 
169713 
136945 
169714 
136946 
169715 
136947 
169716 
136948 
169717 
136949 
169718 
169719 
169720 
169721 
169722 
87805 
87806 
87807 
136960 
87808 
136961 
87809 
136962 
87810 
136963 
87811 
136964 
87812 
136965 
87813 
87814 
87815 
87816 
218892 
218893 
218894 
136991 
136992 
136993 
169762 
136994 
169763 
136995 
169764 
136996 
169765 
136997 
169766 
169767 
169768 
169769 
169770 
169771 
169772 
218936 
218937 
202588 
202589 
202590 
202591 
202592 
202593 
202594 
202595 
202596 
202597 
202598 
202599 
202600 
202601 
202602 
202603 
202604 
202605 
202606 
202607 
202608 
202609 
202610 
202611 
202612 
202613 
87947 
87948 
87949 
87950 
202643 
202644 
202645 
87957 
202646 
87958 
202647 
87959 
202648 
87960 
202649 
87961 
87962 
87969 
87970 
87971 
87972 
87973 
87974 
87975 
87976 
202672 
137136 
87984 
202673 
137137 
87985 
202674 
137138 
87986 
202675 
87987 
202676 
87988 
202677 
87989 
202678 
87990 
202679 
87991 
202680 
87992 
202681 
87993 
202682 
87994 
202683 
87995 
202684 
202685 
202686 
202687 
202688 
202689 
88003 
88004 
88005 
137158 
88006 
137159 
88007 
137160 
88008 
137161 
88009 
137162 
88010 
88011 
88012 
88013 
88014 
88015 
88016 
88017 
88018 
88019 
88020 
88025 
88026 
88027 
88028 
88029 
137182 
88030 
137183 
88031 
137184 
88032 
137185 
88033 
137186 
88034 
137187 
88035 
137188 
88036 
137189 
88037 
137190 
88038 
137191 
88039 
137192 
88040 
88041 
88042 
88047 
88048 
88049 
88050 
88051 
88052 
88053 
88054 
88055 
88056 
88057 
88058 
169979 
88059 
169980 
88060 
169981 
88061 
169982 
137214 
88062 
169983 
137215 
88063 
169984 
137216 
88064 
137217 
137218 
137219 
137220 
137221 
137222 
137223 
137224 
137225 
137226 
137227 
202764 
137228 
202765 
202766 
202767 
202768 
202769 
202770 
202771 
202772 
202773 
202774 
88087 
88088 
88089 
88090 
88091 
88092 
88093 
88094 
88095 
170016 
88096 
170017 
88097 
170018 
137250 
88098 
170019 
137251 
88099 
170020 
137252 
88100 
170021 
137253 
88101 
170022 
137254 
88102 
170023 
137255 
88103 
137256 
137257 
137258 
137259 
137260 
137261 
88109 
137262 
88110 
137263 
88111 
137264 
88112 
137265 
88113 
137266 
88114 
137267 
88115 
137268 
88116 
88117 
88118 
88119 
88120 
88121 
88122 
137275 
88123 
137276 
88124 
137277 
88125 
137278 
88126 
137279 
88127 
137280 
88128 
137281 
88129 
137282 
88130 
137283 
88131 
137284 
88132 
137285 
88133 
137286 
88134 
170055 
137287 
88135 
170056 
137288 
88136 
170057 
137289 
88137 
170058 
170059 
170060 
170061 
170062 
137294 
170063 
137295 
202832 
170064 
137296 
202833 
170065 
137297 
202834 
170066 
137298 
202835 
170067 
137299 
170068 
137300 
202837 
170069 
137301 
202838 
170070 
137302 
202839 
170071 
137303 
170072 
137304 
170073 
137305 
170074 
170075 
170076 
170077 
170078 
170079 
137311 
202848 
170080 
137312 
202849 
170081 
137313 
170082 
137314 
170083 
137315 
170084 
137316 
170085 
137317 
170086 
137318 
170087 
137319 
170088 
137320 
170089 
137321 
170090 
137322 
170091 
137323 
170092 
137324 
170093 
137325 
170094 
137326 
170095 
137327 
137328 
137329 
137330 
137331 
137332 
137333 
137334 
137335 
137336 
137337 
137338 
202875 
137339 
137340 
252047 
252048 
252049 
170129 
252050 
170130 
252051 
170131 
252052 
170132 
252053 
170133 
170134 
170135 
170136 
252057 
170137 
252058 
170138 
252059 
170139 
252060 
170140 
252061 
170141 
252062 
170142 
252063 
170143 
170144 
170145 
170146 
170147 
170148 
252069 
170149 
252070 
170150 
252071 
170151 
252072 
170152 
252073 
170153 
252074 
170154 
170155 
252081 
252082 
252083 
252084 
252085 
252095 
252096 
252097 
170191 
170192 
170193 
170194 
170195 
170196 
170197 
170198 
170199 
170200 
170201 
170202 
170203 
170204 
170205 
170206 
170207 
170208 
170209 
170210 
170221 
170222 
170223 
170224 
170225 
170226 
170227 
55539 
170228 
55540 
170229 
55541 
170230 
170231 
170232 
170233 
170234 
170235 
170236 
170237 
170238 
55553 
55554 
55555 
55556 
55557 
55558 
55559 
170248 
55560 
170249 
170250 
170251 
170252 
170253 
170254 
170255 
170256 
170257 
170258 
170259 
170260 
170261 
170262 
170263 
170264 
55587 
55588 
55589 
55590 
55591 
55592 
55593 
55594 
55595 
55596 
55597 
170287 
170288 
170289 
170290 
170291 
170292 
170293 
170294 
170295 
170296 
170297 
170298 
170299 
170300 
170301 
170302 
170303 
170304 
170305 
170306 
55618 
170307 
55619 
170308 
55620 
170309 
55621 
170310 
55622 
170311 
55623 
170312 
55624 
170313 
55625 
170314 
55626 
170315 
55627 
170316 
55628 
170317 
55629 
170318 
55630 
170319 
170320 
170321 
170322 
170323 
170324 
170325 
170326 
170327 
170328 
203133 
203134 
203135 
203136 
203137 
203138 
203139 
203140 
203186 
203187 
203188 
203189 
203190 
203191 
203192 
203193 
203194 
203195 
203246 
203247 
203248 
203249 
203250 
203251 
203252 
203253 
203254 
203255 
203256 
203263 
203264 
203265 
203266 
203267 
203268 
203269 
203270 
203271 
203272 
203279 
203280 
203281 
203282 
203283 
203284 
203285 
203286 
203287 
203288 
55838 
55839 
55840 
55854 
55855 
55856 
55857 
55858 
55859 
55860 
55861 
203332 
203333 
203334 
203335 
203336 
203337 
203338 
203339 
55896 
55897 
55898 
55899 
55900 
55901 
55902 
55903 
55904 
55905 
55906 
55914 
55915 
55916 
55917 
55918 
55919 
55920 
55921 
55922 
55923 
55924 
203381 
55925 
203382 
55926 
203383 
55927 
203384 
203385 
203386 
55934 
55935 
55936 
55937 
55938 
55939 
55940 
55941 
55942 
55943 
55944 
55945 
55946 
203414 
203415 
203416 
203417 
203418 
203442 
203443 
203444 
203445 
203522 
203523 
203524 
203528 
105319 
105320 
105321 
105322 
105323 
105324 
105325 
121735 
121736 
121737 
187492 
187493 
187494 
187495 
187496 
187497 
72809 
187498 
72810 
187499 
72811 
187500 
72812 
187501 
187502 
187503 
187504 
187505 
187506 
72828 
72829 
72830 
72831 
72832 
72833 
72834 
72835 
187539 
187540 
187541 
187542 
187543 
72860 
72861 
72862 
72863 
72864 
72865 
72866 
72867 
72868 
72869 
72880 
72881 
72882 
72883 
72884 
72885 
72886 
72887 
72888 
187577 
72889 
187578 
72890 
187579 
187580 
187581 
187582 
187583 
187584 
187585 
187586 
187587 
187588 
187589 
72914 
72915 
72916 
72917 
72918 
72919 
72920 
72921 
72922 
72923 
72924 
72942 
72943 
72944 
72945 
72946 
72947 
72948 
72949 
72950 
72951 
72952 
72953 
72960 
72961 
72962 
72963 
72964 
72965 
72966 
72967 
72968 
72969 
72970 
72971 
187670 
187671 
187672 
187673 
72985 
187674 
72986 
187675 
72987 
187676 
72988 
187677 
72989 
72990 
72991 
72992 
72993 
72994 
72995 
72996 
72997 
105774 
105775 
105776 
105777 
105778 
105779 
105780 
105781 
105782 
73014 
105783 
73015 
105784 
73016 
105785 
73017 
73018 
73019 
73020 
73021 
73022 
73023 
73024 
73025 
73026 
73032 
73033 
105802 
73034 
105803 
73035 
105804 
73036 
105805 
73037 
105806 
73038 
105807 
73039 
105808 
73040 
105809 
73041 
105810 
73042 
105811 
73043 
73044 
105815 
105816 
105817 
105818 
105819 
105820 
105821 
105822 
105823 
105824 
73056 
73057 
73058 
73059 
187748 
73060 
187749 
73061 
187750 
73062 
187751 
73063 
187752 
73064 
187753 
73065 
187754 
73066 
187755 
73067 
187756 
73068 
187757 
105837 
73069 
187758 
105838 
187759 
105839 
187760 
105840 
187761 
105841 
187762 
122226 
187763 
122227 
187764 
122228 
187765 
122229 
187766 
122230 
187767 
122231 
187768 
105853 
105854 
105855 
105856 
105857 
73089 
105858 
73090 
105859 
73091 
105860 
73092 
187781 
105861 
73093 
187782 
105862 
73094 
187783 
73095 
187784 
73096 
187785 
73097 
187786 
73098 
187787 
73099 
187788 
73100 
187789 
73101 
187790 
122254 
73102 
187791 
122255 
73103 
122256 
122257 
122258 
105878 
122263 
105879 
122264 
105880 
122265 
105881 
122266 
105882 
122267 
187823 
187824 
187825 
187826 
187827 
122294 
122295 
105911 
105912 
105913 
105914 
105915 
105916 
105917 
105918 
105919 
105920 
105921 
105922 
105923 
122313 
122314 
122315 
122316 
122317 
122318 
122319 
105938 
105939 
105940 
105941 
105942 
105943 
105944 
122344 
122345 
122346 
105970 
105971 
105972 
105973 
105974 
105975 
105976 
105977 
122383 
122384 
122385 
122386 
122387 
122388 
122389 
122390 
122391 
73246 
73247 
73248 
73249 
73250 
73251 
122407 
122408 
122409 
122410 
122411 
122412 
73260 
73261 
73262 
73263 
73264 
73265 
73266 
73267 
73268 
73269 
73270 
73278 
73279 
73280 
73281 
73282 
73283 
73284 
122437 
73285 
122438 
73286 
122439 
73287 
122440 
73288 
122441 
73289 
122442 
73290 
122443 
73291 
73292 
73293 
73299 
73300 
73301 
73302 
73303 
73304 
73305 
73306 
73307 
73308 
73309 
73310 
73311 
73312 
73313 
73314 
73315 
73321 
73322 
73323 
73324 
73325 
73326 
73327 
73328 
73329 
73330 
73331 
73332 
73333 
73334 
73335 
73336 
73337 
73342 
73343 
73344 
73345 
73346 
73347 
73348 
73349 
73350 
106119 
89735 
73351 
106120 
89736 
73352 
89737 
73353 
89738 
73354 
89739 
73355 
89740 
73356 
89741 
73357 
89742 
89743 
89744 
89745 
89746 
73362 
106131 
73363 
106132 
73364 
106133 
73365 
73366 
73367 
73368 
73369 
73370 
73371 
73372 
73373 
73374 
73375 
106144 
73376 
106145 
73377 
106146 
106147 
106148 
106149 
106160 
106161 
106162 
106163 
188084 
106164 
188085 
106165 
188086 
106166 
188087 
106167 
188088 
106168 
188089 
188090 
188091 
73405 
73406 
73407 
73408 
73409 
73410 
73411 
106180 
73412 
106181 
73413 
106182 
73414 
106183 
73415 
106184 
73416 
106185 
73417 
106186 
73418 
106187 
73419 
106188 
73420 
106189 
106190 
106191 
106192 
122577 
106193 
73425 
122578 
106194 
73426 
73427 
73428 
73429 
73430 
73431 
73432 
106201 
73433 
106202 
73434 
106203 
73435 
106204 
73436 
106205 
73437 
106206 
73438 
106207 
73439 
106208 
122593 
106209 
188130 
122594 
106210 
188131 
122595 
106211 
188132 
122596 
106212 
73444 
188133 
106213 
73445 
188134 
106214 
73446 
188135 
106215 
73447 
188136 
106216 
73448 
188137 
106217 
73449 
188138 
106218 
73450 
188139 
106219 
73451 
73452 
73453 
73454 
73455 
73456 
73457 
106226 
73458 
106227 
122612 
106228 
122613 
106229 
122614 
106230 
122615 
106231 
122616 
106232 
122617 
106233 
106234 
106235 
106236 
106237 
106238 
106239 
106240 
106241 
106242 
122634 
122635 
122636 
122637 
122638 
122639 
122640 
122641 
122642 
122643 
106259 
188180 
106260 
188181 
106261 
188182 
106262 
188183 
106263 
188184 
106264 
188185 
106265 
188186 
106266 
188187 
106267 
188188 
106268 
188189 
106269 
188190 
106270 
106271 
188192 
106272 
188193 
106273 
188194 
106274 
188195 
106275 
188196 
122660 
106276 
188197 
122661 
106277 
188198 
122662 
106278 
188199 
122663 
106279 
188200 
122664 
106280 
188201 
122665 
106281 
188202 
122666 
106282 
188203 
122667 
106283 
188204 
122668 
106284 
188205 
122669 
106285 
188206 
122670 
106286 
122671 
106287 
188208 
122672 
106288 
188209 
122673 
106289 
188210 
122674 
106290 
188211 
122675 
106291 
188212 
122676 
188213 
122677 
188214 
122678 
188215 
122679 
188216 
188217 
188218 
188219 
188220 
188221 
188222 
188223 
188224 
122688 
188225 
122689 
188226 
122690 
188227 
122691 
188228 
122692 
188229 
122693 
188230 
122694 
188231 
122695 
188232 
122696 
188233 
122697 
188234 
122698 
188235 
122699 
122700 
122701 
122702 
122703 
122707 
122708 
122709 
122710 
122711 
122712 
122713 
122714 
122715 
122716 
122717 
122718 
122719 
122725 
122726 
122727 
122728 
122729 
122730 
122731 
122732 
122733 
122734 
122735 
122736 
122737 
122738 
122739 
122740 
122741 
188278 
122742 
188279 
122743 
188280 
122744 
188281 
122745 
188282 
122746 
188283 
122747 
188284 
122748 
188285 
122749 
188286 
122750 
188287 
122751 
188288 
122752 
188289 
188290 
188291 
188292 
188293 
188294 
188295 
188296 
188297 
188298 
188299 
188344 
188345 
188346 
188347 
188348 
188349 
188350 
188351 
188352 
188353 
188354 
188355 
188356 
188357 
188358 
188359 
188360 
188361 
188362 
188363 
188364 
139223 
188384 
188385 
188386 
188387 
188388 
188389 
188390 
188391 
188392 
188393 
188394 
188395 
188396 
188397 
188398 
188399 
188400 
188401 
188402 
188403 
188420 
188421 
188422 
188423 
188424 
188425 
188426 
188427 
188428 
188429 
188430 
188431 
90131 
90132 
90133 
90134 
90135 
90136 
90137 
90138 
90139 
90140 
90141 
90142 
90145 
90146 
90147 
90148 
90149 
90150 
90151 
90152 
90153 
90154 
90155 
90156 
90171 
90172 
90173 
90174 
90175 
188480 
90176 
188481 
90177 
188482 
90178 
188483 
90179 
188484 
90180 
188485 
90181 
188486 
90182 
188487 
90183 
188488 
90184 
188489 
90185 
188490 
90186 
188491 
90187 
188492 
90188 
188493 
90189 
188494 
90190 
188495 
90191 
188496 
188497 
90195 
90196 
90197 
90198 
90199 
90200 
90201 
90202 
90203 
90204 
90205 
90206 
90207 
90208 
90209 
90210 
90211 
90212 
90213 
90220 
90221 
90222 
90223 
90224 
90225 
90226 
90227 
90236 
90237 
90238 
90239 
90240 
90241 
90242 
90243 
90244 
90245 
90246 
90247 
90248 
90249 
90250 
90251 
90252 
90260 
90261 
90262 
90263 
90264 
90265 
90266 
90267 
90268 
90285 
90286 
90287 
90288 
90289 
90290 
90291 
90292 
90293 
90294 
90295 
90296 
90297 
90298 
57530 
90299 
57531 
90300 
57532 
90301 
57533 
90302 
155848 
90314 
90315 
90316 
90317 
90318 
90319 
90320 
90321 
90322 
90323 
57566 
57567 
57568 
57569 
57570 
57571 
57572 
57573 
90347 
90348 
90349 
57581 
90350 
57582 
90351 
57583 
90352 
57584 
90353 
57585 
90354 
57586 
90355 
57587 
90356 
57588 
57589 
57590 
57591 
155898 
155899 
155900 
155901 
57617 
57618 
57619 
57620 
57621 
57622 
155927 
57623 
155928 
57624 
57625 
57626 
57627 
57628 
270634 
270635 
57646 
57647 
57648 
57649 
155954 
57650 
155955 
57651 
155956 
57652 
155957 
57653 
155958 
57654 
155959 
57655 
155960 
57656 
57657 
57658 
156013 
156014 
156015 
156016 
90486 
90487 
90488 
90489 
90497 
90498 
90499 
90500 
90501 
90502 
90510 
90511 
90512 
90513 
90514 
90515 
90516 
90517 
90525 
90526 
90527 
90528 
90529 
90530 
90531 
90532 
90533 
90534 
90535 
90536 
90544 
90545 
156082 
90546 
156083 
90547 
156084 
90548 
156085 
90549 
156086 
90550 
156087 
90551 
156088 
90552 
156089 
90553 
156090 
90554 
156091 
90555 
156092 
90556 
90557 
90558 
90559 
90560 
90561 
90566 
90567 
156104 
90568 
156105 
90569 
156106 
90570 
156107 
90571 
156108 
90572 
156109 
90573 
156110 
90574 
156111 
90575 
90576 
90577 
90578 
90579 
90580 
90581 
90582 
90583 
90588 
90589 
90590 
90591 
90592 
90593 
90594 
90595 
90596 
90597 
90598 
90599 
90600 
90601 
90602 
90603 
90604 
156143 
156144 
156145 
156146 
156147 
156148 
156149 
156150 
156151 
57851 
57852 
57853 
90626 
90627 
90628 
90629 
90630 
90631 
90632 
90633 
90634 
90635 
57867 
90636 
57868 
90637 
57869 
90638 
57870 
90639 
57871 
90640 
57872 
90641 
57873 
90642 
57874 
90648 
90649 
90650 
90651 
90652 
57884 
90653 
57885 
90654 
57886 
90655 
57887 
90656 
57888 
90657 
57889 
90658 
57890 
90659 
57891 
90660 
57892 
139813 
90661 
57893 
139814 
90662 
57894 
90663 
90664 
90665 
90666 
90667 
90668 
90669 
90670 
90671 
90672 
90673 
57926 
139847 
57927 
139848 
57928 
57929 
57930 
57931 
57932 
57933 
57934 
139855 
57935 
139856 
57936 
57937 
57938 
57939 
57946 
57947 
57948 
57949 
57950 
57951 
57952 
57953 
57954 
57955 
57956 
57957 
57958 
57959 
139881 
139882 
57965 
57966 
57967 
57968 
57969 
57970 
57971 
57972 
57973 
57974 
57975 
57976 
57977 
139902 
139903 
139904 
139905 
139906 
156317 
156318 
156319 
156320 
156321 
139943 
139944 
139945 
139946 
156347 
156348 
156349 
156350 
156351 
156352 
156380 
156381 
139997 
156382 
139998 
156383 
139999 
156384 
140000 
156385 
140001 
156386 
140002 
156387 
140003 
156388 
140004 
156389 
140005 
156390 
140006 
156391 
140007 
156392 
156393 
156394 
156395 
156396 
156397 
156398 
156399 
156400 
156401 
156402 
140018 
156403 
140019 
156404 
140020 
140021 
140022 
140023 
140024 
156432 
156433 
156434 
156435 
140051 
156436 
140052 
156437 
140053 
156438 
140054 
156439 
140055 
156440 
140056 
156441 
140057 
156442 
140058 
156443 
156444 
156445 
156446 
156447 
156448 
156449 
156450 
156451 
156452 
156453 
156454 
156455 
156456 
156457 
156487 
156488 
156489 
156490 
156491 
156492 
156493 
156494 
156495 
156496 
156497 
156498 
156499 
156500 
156501 
156502 
156503 
156504 
156513 
156514 
156515 
156516 
156517 
156518 
156519 
156520 
156521 
156522 
156523 
156524 
156525 
156526 
156527 
156528 
156535 
156536 
156537 
156538 
156539 
156540 
156541 
156542 
156543 
156544 
156545 
156546 
156547 
156548 
156561 
156562 
156563 
156564 
156565 
156566 
156567 
156568 
156569 
156570 
156571 
156572 
156573 
156574 
156575 
156576 
156577 
156578 
156579 
156580 
156581 
156582 
156583 
156584 
156585 
140201 
156586 
140202 
156587 
140203 
156588 
140204 
156589 
156590 
156591 
156592 
156593 
156594 
156595 
156596 
172984 
172985 
172986 
172987 
172988 
172989 
172990 
172991 
172992 
140224 
172993 
140225 
140226 
140227 
140228 
140250 
140251 
140252 
140253 
140254 
173023 
140255 
173024 
140256 
173025 
140257 
173026 
140258 
140259 
140260 
140261 
140262 
140263 
140285 
140286 
140287 
140288 
140289 
173058 
140290 
173059 
140291 
173060 
140292 
173061 
140293 
173062 
140294 
173063 
140295 
173064 
140296 
173065 
140297 
173066 
140298 
140299 
140300 
140324 
140325 
140326 
140327 
140328 
140329 
140330 
140331 
140332 
140333 
140334 
140335 
140336 
140337 
140338 
140339 
140340 
140341 
140342 
140343 
140344 
140351 
140352 
140353 
140354 
140355 
140356 
222277 
140357 
222278 
140358 
222279 
140359 
222280 
140360 
222281 
140361 
222282 
140362 
222283 
140363 
222284 
140364 
222285 
140365 
222286 
222287 
222288 
222289 
173137 
222290 
173138 
140370 
222291 
173139 
140371 
222292 
173140 
140372 
222293 
173141 
140373 
222294 
173142 
140374 
222295 
140375 
222296 
140376 
222297 
140377 
222298 
140378 
222299 
140379 
222300 
140380 
222301 
140381 
222302 
140382 
222303 
222304 
222305 
222306 
222307 
140387 
222308 
140388 
222309 
140389 
222310 
140390 
222311 
140391 
222312 
140392 
222313 
140393 
222314 
140394 
222315 
140395 
222316 
140396 
222317 
140397 
222318 
140398 
222319 
140399 
222320 
140400 
222321 
140401 
140402 
140403 
140404 
140405 
140406 
140407 
140408 
140409 
140410 
140411 
140412 
140413 
140414 
140415 
222340 
222344 
222345 
222346 
222347 
222348 
222349 
222350 
222351 
222352 
222371 
222372 
222373 
222374 
173222 
222375 
173223 
222376 
173224 
173225 
173226 
173227 
173228 
173229 
173230 
173231 
173232 
173233 
173234 
173235 
173236 
173237 
173238 
173251 
173252 
173253 
173254 
173255 
173256 
173257 
173258 
173259 
173260 
222444 
173300 
173301 
173302 
173303 
173304 
173305 
173306 
173307 
173308 
173309 
173310 
173311 
238880 
238881 
238882 
238883 
238884 
238885 
238886 
238887 
238888 
238889 
238890 
238891 
238892 
238893 
238894 
238896 
238897 
238898 
238899 
238900 
238901 
238902 
238903 
238905 
238906 
238907 
238908 
238909 
238910 
238911 
238912 
238915 
238916 
238917 
238918 
238919 
238920 
238921 
238922 
238927 
238928 
238929 
238930 
238931 
238932 
238933 
238936 
238937 
238938 
238939 
75154 
75155 
75156 
75189 
75190 
75191 
75192 
75193 
75194 
75195 
75196 
75209 
75210 
75211 
75212 
75213 
75214 
75215 
75216 
75217 
75218 
107990 
107991 
107992 
107993 
107994 
107995 
173532 
173533 
173534 
173535 
173536 
173537 
173538 
75242 
75243 
75244 
75245 
75246 
75247 
75248 
75249 
75250 
75251 
75252 
75263 
75264 
75265 
75266 
173571 
75267 
173572 
75268 
173573 
75269 
173574 
75270 
173575 
75271 
173576 
75272 
173577 
75273 
173578 
75291 
75292 
75293 
75294 
75295 
75296 
75297 
75298 
75299 
75300 
75301 
75302 
173612 
173613 
173614 
173615 
173616 
173617 
173618 
173619 
173620 
173621 
173622 
173623 
173624 
75320 
173625 
75321 
173626 
75322 
173627 
75323 
173628 
75324 
173629 
75325 
173630 
75326 
173631 
75327 
173632 
75328 
173633 
75329 
173634 
75330 
173635 
75331 
173636 
173637 
173638 
173639 
173640 
173641 
173642 
75338 
173643 
75339 
173644 
75340 
173645 
75341 
173646 
75342 
173647 
75343 
173648 
75344 
173649 
75345 
173650 
75346 
173651 
75347 
173652 
75348 
173653 
75349 
173654 
173655 
173656 
206431 
206432 
206433 
206434 
206435 
222820 
206436 
75364 
222821 
206437 
75365 
222822 
206438 
75366 
222823 
206439 
75367 
222824 
206440 
75368 
206441 
75369 
206442 
75370 
206443 
75371 
206444 
75372 
206445 
75373 
206446 
75374 
206447 
75375 
206448 
75376 
206449 
75377 
206450 
206451 
206452 
206453 
206454 
206455 
206456 
206457 
206458 
173692 
173693 
173694 
173695 
173696 
173697 
75393 
173698 
75394 
173699 
75395 
173700 
75396 
173701 
75397 
173702 
75398 
173703 
75399 
173704 
75400 
173705 
75401 
173706 
75402 
173707 
124555 
75403 
173708 
124556 
75404 
173709 
124557 
75405 
173710 
222863 
173711 
222864 
173712 
222865 
173713 
173714 
75410 
206483 
173715 
75411 
206484 
173716 
75412 
206485 
173717 
75413 
206486 
75414 
206487 
75415 
206488 
75416 
206489 
75417 
206490 
75418 
75419 
75420 
75421 
75422 
75423 
75436 
75437 
75438 
206511 
75439 
206512 
75440 
206513 
75441 
206514 
75442 
206515 
75443 
206516 
75444 
206517 
75445 
206518 
75446 
206519 
75447 
206520 
75448 
206521 
173753 
75449 
206522 
173754 
206523 
173755 
206524 
173756 
206525 
173757 
206526 
173758 
206527 
173759 
206528 
173760 
206529 
173761 
173762 
173763 
173764 
173765 
173766 
173767 
173768 
173769 
173770 
173771 
173772 
173773 
75471 
75472 
222929 
75473 
222930 
75474 
75475 
75476 
75477 
75478 
75479 
75480 
173785 
75481 
173786 
75482 
173787 
75483 
173788 
75484 
173789 
75485 
173790 
173791 
173792 
173793 
173794 
173795 
173796 
173797 
173798 
173799 
173800 
173801 
173802 
173813 
173814 
173815 
173816 
173817 
173818 
173819 
173820 
173821 
173822 
173823 
173824 
173825 
173826 
173827 
173828 
173829 
206606 
206607 
206608 
206609 
206610 
206611 
206612 
173857 
173858 
173859 
173860 
173861 
173862 
173863 
173864 
173865 
173866 
173867 
173868 
173869 
173870 
173871 
173872 
173873 
173874 
173875 
173876 
173877 
173878 
173879 
173880 
173881 
173882 
173883 
173884 
173885 
173886 
173887 
173888 
173889 
173890 
173891 
173892 
173893 
173894 
173895 
173896 
206665 
173897 
206666 
173898 
206667 
173899 
173900 
206669 
206670 
206671 
206679 
206680 
75630 
75631 
75632 
75633 
75634 
75643 
75644 
75645 
75646 
75647 
75648 
75649 
75650 
75651 
75658 
75659 
75660 
75661 
75662 
75663 
75664 
75665 
75666 
75667 
75668 
75669 
75670 
75671 
75672 
75673 
75674 
75680 
75681 
75682 
75683 
108452 
75684 
108453 
75685 
108454 
75686 
108455 
75687 
108456 
75688 
108457 
75689 
108458 
75690 
108459 
75691 
108460 
75692 
108461 
75693 
108462 
75694 
75695 
75696 
75702 
75703 
75704 
75705 
75706 
75707 
75708 
75709 
75710 
75711 
108480 
75712 
108481 
75713 
108482 
75714 
108483 
75715 
108484 
75716 
108485 
75717 
108486 
75718 
108487 
108488 
108489 
75723 
75724 
108493 
75725 
108494 
75726 
108495 
75727 
108496 
75728 
108497 
75729 
108498 
75730 
108499 
75731 
108500 
75732 
108501 
75733 
75734 
75735 
75736 
75737 
75738 
75743 
75744 
75745 
75746 
108515 
75747 
108516 
75748 
108517 
75749 
108518 
75750 
75751 
75752 
75753 
75754 
75755 
75756 
75757 
75758 
108532 
108533 
108534 
108535 
108536 
108537 
108538 
108539 
108540 
108541 
75786 
75787 
75788 
75789 
75790 
108559 
75791 
108560 
75792 
108561 
75793 
108562 
75794 
108563 
75795 
75796 
75797 
75798 
75799 
75800 
75801 
75806 
75807 
75808 
75809 
75810 
75811 
75812 
75813 
75814 
75815 
75816 
75817 
75818 
75819 
75820 
75821 
108592 
108593 
108594 
75826 
108595 
75827 
108596 
75828 
108597 
75829 
108598 
75830 
108599 
75831 
108600 
75832 
108601 
75833 
108602 
75834 
75835 
75836 
75837 
75838 
75839 
75840 
75841 
108615 
108616 
108617 
108618 
108619 
108620 
108621 
108648 
108649 
108650 
108651 
108652 
108653 
108654 
108655 
206968 
206969 
206970 
206971 
206972 
206973 
206974 
206975 
125060 
125061 
125062 
125063 
92296 
92297 
92298 
92299 
92300 
92301 
92302 
92303 
92304 
92305 
92306 
92307 
125088 
125089 
125090 
125091 
125097 
125098 
207019 
125099 
207020 
125100 
207021 
207022 
207023 
207024 
207025 
207026 
207027 
207028 
207029 
59576 
59577 
59578 
125128 
125129 
125130 
59604 
59605 
59606 
59607 
59608 
59609 
59610 
59611 
125148 
125149 
125150 
125151 
125152 
125153 
207077 
207078 
207079 
207080 
207081 
207082 
207083 
207084 
207085 
207086 
207087 
207094 
207095 
59639 
59640 
59641 
125178 
59642 
125179 
59643 
125180 
59644 
207101 
125181 
59645 
207102 
59646 
207103 
59647 
207104 
59648 
207105 
108801 
59649 
207106 
108802 
207107 
207108 
59656 
59657 
59658 
59659 
59660 
108813 
59661 
108814 
59662 
108815 
59663 
59664 
59665 
59666 
59667 
108826 
108827 
108828 
108829 
108830 
108831 
125221 
125222 
59686 
125223 
59687 
125224 
59688 
125225 
59689 
125226 
59690 
125227 
59691 
125228 
108844 
59692 
125229 
108845 
59693 
207150 
125230 
108846 
59694 
207151 
125231 
108847 
59695 
207152 
108848 
59696 
207153 
108849 
59697 
207154 
108850 
59698 
207155 
108851 
108852 
125245 
125246 
125247 
125248 
125249 
108865 
125250 
108866 
59714 
108867 
59715 
108868 
59716 
108869 
59717 
108870 
59718 
108871 
59719 
108872 
59720 
108873 
59721 
108874 
59722 
108875 
59723 
108876 
59724 
108877 
59725 
108878 
59726 
108879 
108886 
108887 
125272 
108888 
125273 
108889 
125274 
108890 
125275 
108891 
207196 
125276 
108892 
207197 
125277 
108893 
207198 
125278 
108894 
207199 
108895 
207200 
108896 
108897 
108898 
108899 
108900 
108901 
108902 
108903 
108911 
108912 
108913 
108914 
108915 
108916 
108917 
108918 
108919 
108920 
108921 
108922 
108923 
108924 
108925 
207230 
207231 
207232 
108939 
108940 
108941 
108942 
108943 
108944 
108945 
108946 
108947 
108948 
108949 
108950 
108951 
108952 
108953 
207258 
108954 
207259 
108955 
108956 
108957 
108958 
108959 
108960 
108961 
108962 
108963 
108964 
108965 
108966 
108967 
108968 
108969 
125414 
125415 
125416 
125432 
125433 
125434 
125435 
59906 
59907 
59908 
125451 
125452 
125453 
125454 
125455 
125456 
125457 
59923 
59924 
59925 
59926 
59927 
59928 
59929 
59930 
125474 
125475 
125476 
59940 
125477 
59941 
125478 
59942 
125479 
59943 
125480 
92712 
59944 
125481 
92713 
59945 
125482 
92714 
59946 
125483 
92715 
59947 
125484 
92716 
59948 
92717 
59949 
92718 
59950 
92719 
92720 
92721 
92722 
92724 
92725 
59957 
92726 
59958 
92727 
59959 
92728 
59960 
92729 
59961 
92730 
59962 
92731 
59963 
92732 
59964 
92733 
59965 
125502 
59966 
125503 
59967 
125504 
59968 
125505 
59969 
125506 
59970 
125507 
125508 
125509 
125510 
125511 
125512 
125513 
125514 
125515 
92747 
125516 
92748 
125517 
92749 
125518 
92750 
125519 
92751 
125520 
92752 
92753 
92754 
92755 
92756 
92757 
256598 
92758 
256599 
92759 
256600 
92760 
256601 
92761 
256602 
125530 
92762 
256603 
125531 
92763 
256604 
125532 
92764 
125533 
125534 
125535 
125536 
92768 
125537 
92769 
256610 
125538 
92770 
60002 
256611 
125539 
92771 
60003 
256612 
125540 
92772 
60004 
256613 
125541 
92773 
60005 
256614 
125542 
92774 
60006 
256615 
125543 
92775 
60007 
125544 
92776 
60008 
92777 
60009 
92778 
60010 
92779 
60011 
125548 
92780 
60012 
125549 
92781 
60013 
125550 
92782 
60014 
256623 
125551 
92783 
60015 
256624 
125552 
92784 
256625 
125553 
256626 
125554 
256627 
125555 
125556 
125557 
60021 
125558 
60022 
125559 
60023 
125560 
92792 
60024 
92793 
60025 
92794 
60026 
92795 
60027 
92796 
60028 
256637 
125565 
92797 
60029 
256638 
125566 
92798 
60030 
256639 
125567 
92799 
60031 
125568 
60032 
125569 
60033 
125570 
60034 
125571 
125572 
125573 
125574 
125575 
125576 
92808 
60040 
125577 
92809 
60041 
125578 
92810 
60042 
125579 
92811 
60043 
125580 
92812 
60044 
125581 
92813 
60045 
125582 
92814 
60046 
125583 
92815 
60047 
125584 
92816 
60048 
125585 
92817 
60049 
125586 
92818 
60050 
125587 
92819 
60051 
125588 
92820 
60052 
125589 
92821 
60053 
125590 
92822 
125591 
92823 
125592 
92832 
92833 
92834 
92835 
92836 
92837 
92838 
92839 
92855 
92856 
92857 
92858 
92859 
92860 
92861 
92862 
92863 
92864 
92865 
92866 
92867 
92868 
92869 
92870 
92871 
92882 
92883 
92884 
92885 
92886 
92887 
92888 
92889 
92890 
92914 
92915 
92916 
92917 
92918 
92919 
92920 
92921 
92922 
92923 
191231 
191232 
191233 
191234 
191235 
191236 
191237 
191238 
191239 
191240 
191241 
191242 
191243 
191244 
191245 
191246 
191247 
191248 
191249 
191282 
191283 
191284 
191285 
191286 
191320 
191321 
191322 
191323 
191324 
191325 
191326 
191327 
191328 
191329 
191330 
191331 
191332 
191333 
93051 
93052 
93053 
93054 
93062 
93063 
93064 
93065 
93066 
93074 
93075 
93076 
93077 
93078 
93079 
93080 
93088 
93089 
93090 
93091 
93092 
93093 
93094 
93095 
93096 
93097 
93098 
93106 
191411 
93107 
191412 
93108 
191413 
93109 
191414 
93110 
191415 
93111 
191416 
93112 
191417 
93113 
191418 
93114 
191419 
93115 
93116 
93117 
93118 
93119 
93120 
93121 
93122 
93123 
93124 
93129 
93130 
93131 
93132 
93133 
93134 
93135 
93136 
93137 
93138 
93139 
93140 
93141 
93142 
93143 
93144 
93145 
93146 
93152 
93153 
93154 
93155 
93156 
93157 
93158 
93159 
93160 
142313 
93161 
93162 
93163 
93164 
93165 
93166 
93167 
93168 
191488 
191489 
191490 
191491 
191492 
191493 
191494 
191495 
191496 
93192 
191497 
93193 
191498 
93194 
191499 
93195 
191500 
93196 
191501 
93197 
191502 
93198 
191503 
93199 
191504 
93200 
191505 
93201 
191506 
93202 
191507 
93203 
191508 
93204 
191509 
93205 
93206 
93207 
93208 
93214 
93215 
93216 
93217 
191522 
93218 
191523 
93219 
191524 
93220 
191525 
93221 
191526 
93222 
93223 
93224 
93225 
93226 
93227 
93228 
93229 
93230 
93231 
93232 
93233 
93234 
93235 
93236 
93237 
191558 
191559 
191560 
191817 
191818 
191819 
191820 
191821 
191822 
191823 
191824 
191865 
191866 
191867 
191868 
191869 
191870 
191871 
191872 
191873 
191874 
191919 
191920 
191921 
191922 
191923 
191924 
191925 
191926 
191927 
191928 
191929 
191932 
191933 
191934 
191935 
191936 
191937 
191938 
191939 
191940 
191941 
191942 
191943 
191944 
191945 
191946 
191949 
191950 
191951 
191952 
191953 
191954 
191955 
191956 
191957 
191958 
191959 
191960 
191961 
191962 
191963 
191964 
191965 
191966 
191967 
191968 
191969 
191970 
191971 
191972 
191973 
159218 
159219 
159220 
159221 
159247 
159248 
159249 
192019 
192020 
192021 
192022 
192023 
192024 
192025 
192026 
192027 
192028 
192029 
192030 
192031 
192032 
192033 
192034 
192035 
192036 
192037 
192038 
192039 
159276 
159277 
159278 
159279 
159280 
142924 
192088 
192089 
192090 
192091 
192092 
192093 
192094 
192095 
192096 
192097 
192098 
192099 
192100 
192101 
192102 
192103 
192104 
192105 
159337 
159338 
159339 
159340 
142958 
142966 
142967 
142968 
192128 
192129 
192130 
192131 
192132 
192133 
192134 
192135 
192136 
192137 
142993 
192155 
192156 
192157 
192158 
192159 
192160 
192161 
192162 
143014 
143015 
143016 
143017 
143018 
159407 
159408 
159409 
159410 
159411 
159412 
159413 
159414 
159415 
159416 
159417 
159418 
159431 
159432 
159433 
159434 
159435 
159436 
159437 
159438 
143059 
143060 
143061 
143062 
192215 
192216 
192217 
192218 
192219 
192220 
192221 
192222 
192223 
192224 
192225 
192226 
192227 
192228 
192229 
192230 
159473 
159474 
159475 
159476 
159477 
159478 
159479 
159480 
159481 
159482 
77565 
77566 
77567 
77568 
143117 
143118 
143119 
143120 
143121 
143122 
77586 
143123 
77587 
143124 
77588 
143125 
77589 
143126 
77590 
77591 
77592 
77593 
143137 
143138 
143139 
143140 
143141 
143142 
77625 
77626 
77627 
77628 
77629 
77630 
77631 
77632 
143169 
77633 
143170 
77634 
143171 
143172 
143173 
143174 
143175 
77646 
77647 
77648 
77649 
77650 
77651 
77652 
77653 
77654 
77655 
77656 
77680 
77681 
77682 
77683 
77684 
77685 
77686 
77687 
77688 
77689 
77690 
77701 
77702 
77703 
77704 
77705 
77706 
77707 
77708 
77709 
77710 
77711 
77712 
77727 
77728 
77729 
77730 
77731 
77732 
77733 
77734 
159655 
77735 
159656 
77736 
159657 
77737 
159658 
77738 
159659 
77751 
77752 
77753 
77754 
77755 
77756 
77757 
77758 
77759 
77760 
77761 
77762 
77766 
159687 
77767 
159688 
77768 
159689 
77769 
159690 
77770 
159691 
77771 
159692 
77772 
159693 
77773 
77774 
77775 
77776 
77777 
77778 
143322 
143323 
77787 
143324 
77788 
77789 
77790 
77791 
77792 
77793 
77794 
77795 
77796 
77797 
77798 
77799 
159721 
159722 
159723 
159724 
159725 
159726 
159727 
159728 
159729 
159730 
143346 
159731 
143347 
77811 
159732 
143348 
77812 
159733 
143349 
77813 
159734 
143350 
77814 
159735 
143351 
77815 
159736 
77816 
159737 
77817 
159738 
77818 
159739 
77819 
159740 
77820 
159741 
77821 
159742 
77822 
159743 
77823 
159744 
77824 
159745 
159746 
77826 
159747 
77827 
159748 
77828 
77829 
77830 
77831 
77832 
77833 
77834 
77835 
77836 
143373 
77837 
143374 
77838 
143375 
77839 
143376 
143377 
143378 
143379 
143380 
143381 
143382 
143383 
143384 
143385 
77849 
143386 
77850 
143387 
77851 
77852 
77853 
77854 
77855 
77856 
77857 
159778 
77858 
159779 
77859 
159780 
77860 
159781 
77861 
159782 
77862 
159783 
77863 
159784 
159785 
159786 
159787 
159788 
159789 
159790 
159791 
159792 
159793 
159794 
159795 
143411 
159796 
143412 
159797 
143413 
159798 
143414 
159799 
143415 
159800 
143416 
77880 
159801 
143417 
77881 
159802 
143418 
77882 
159803 
143419 
77883 
143420 
77884 
143421 
77885 
143422 
77886 
143423 
77887 
143424 
77888 
143425 
77889 
143426 
77890 
143427 
77891 
77892 
77893 
77894 
159834 
110682 
159835 
143451 
110683 
159836 
143452 
110684 
159837 
143453 
110685 
159838 
143454 
110686 
159839 
143455 
110687 
159840 
143456 
159841 
143457 
159842 
143458 
159843 
143459 
159844 
143460 
159845 
143461 
159846 
143462 
159847 
143463 
159848 
143464 
159849 
143465 
159850 
143466 
159851 
143467 
143468 
143469 
143470 
143471 
159860 
159861 
159862 
143478 
159863 
143479 
159864 
143480 
159865 
143481 
159866 
143482 
159867 
143483 
159868 
143484 
159869 
143485 
159870 
143486 
159871 
143487 
159872 
143488 
159873 
143489 
159874 
143490 
159875 
143491 
143497 
143498 
159883 
143499 
159884 
143500 
159885 
143501 
159886 
143502 
159887 
143503 
159888 
143504 
159889 
143505 
159890 
143506 
159891 
143507 
159892 
143508 
159893 
143509 
159894 
159895 
159896 
159897 
143515 
143516 
143517 
143518 
143519 
143520 
143521 
143522 
143523 
143524 
143525 
143526 
143527 
159912 
143528 
159913 
143529 
159914 
143530 
159915 
143531 
159916 
143532 
159917 
143533 
159918 
143534 
159919 
143535 
159920 
143536 
159921 
143537 
159922 
143538 
159923 
143539 
159924 
143540 
159925 
143541 
159926 
143542 
159927 
143543 
159928 
143544 
159929 
143545 
159930 
143546 
159931 
159932 
159933 
159934 
159935 
159936 
159937 
159938 
159939 
159940 
159941 
159942 
159943 
159944 
159945 
159946 
159947 
78037 
78038 
78039 
78040 
78041 
78050 
78051 
78052 
78053 
78054 
78055 
78056 
78057 
78064 
61680 
78065 
61681 
78066 
61682 
78067 
78068 
78069 
78070 
78071 
78072 
78073 
78074 
78075 
78076 
78077 
61694 
61695 
61696 
61697 
61698 
61699 
78084 
61700 
78085 
61701 
78086 
78087 
78088 
78089 
78090 
78091 
78092 
78093 
78094 
78095 
78096 
78097 
78098 
78099 
78100 
78107 
78108 
78109 
61725 
78110 
61726 
78111 
61727 
78112 
61728 
78113 
61729 
78114 
61730 
78115 
61731 
78116 
61732 
78117 
61733 
78118 
61734 
78119 
61735 
78120 
78121 
78122 
78123 
78128 
78129 
78130 
78131 
78132 
78133 
78134 
78135 
78136 
78137 
78138 
78139 
78140 
78141 
78142 
78143 
61759 
78144 
61760 
61761 
61762 
61763 
61764 
78149 
61765 
78150 
61766 
78151 
61767 
78152 
61768 
78153 
61769 
78154 
61770 
78155 
78156 
78157 
78158 
78159 
78160 
61776 
78161 
61777 
78162 
61778 
78163 
61779 
78164 
61780 
61781 
61782 
61783 
61784 
61785 
61786 
61787 
61803 
61804 
61805 
78190 
61806 
78191 
61807 
78192 
61808 
78193 
61809 
78194 
61810 
78195 
61811 
78196 
61812 
78197 
61813 
78198 
61814 
78199 
61815 
78200 
78201 
78202 
78203 
78204 
78205 
78210 
78211 
78212 
78213 
78214 
78215 
61831 
78216 
61832 
78217 
61833 
78218 
61834 
78219 
61835 
78220 
61836 
78221 
61837 
78222 
61838 
78223 
61839 
78224 
61840 
78225 
61841 
61842 
61843 
78230 
78231 
78232 
78233 
78234 
78235 
78236 
78237 
78238 
78239 
78240 
78241 
78242 
78243 
78244 
78245 
176556 
127404 
176557 
127405 
176558 
176559 
176560 
176561 
176562 
176563 
176564 
176595 
176596 
176597 
176629 
176630 
176631 
176632 
176633 
176634 
176635 
176636 
176637 
111149 
111150 
111151 
111152 
111153 
111154 
111155 
111156 
111157 
62007 
62008 
62009 
176709 
176710 
176711 
111175 
176712 
111176 
62024 
176713 
111177 
62025 
176714 
111178 
62026 
111179 
62027 
111180 
62028 
111181 
62029 
111182 
62030 
111183 
62031 
111187 
111188 
111189 
111190 
111191 
111192 
111193 
62043 
62044 
62045 
62046 
62047 
62048 
62049 
62050 
62051 
62052 
62053 
111210 
111211 
111212 
62060 
62061 
62062 
62063 
62064 
62065 
62066 
62067 
62068 
62069 
62070 
62071 
62072 
62073 
111228 
111229 
111230 
62078 
111231 
62079 
111232 
62080 
111233 
62081 
111234 
62082 
111235 
62083 
111236 
62084 
62085 
62086 
62087 
62088 
62089 
62090 
62091 
62092 
94871 
111256 
94872 
111257 
94873 
111258 
94874 
111259 
94875 
176796 
94876 
176797 
94877 
176798 
94878 
176799 
94879 
176800 
94880 
176801 
94881 
176802 
176803 
176804 
176805 
176806 
176807 
176808 
176809 
176810 
176811 
176812 
62125 
62126 
62127 
62128 
62129 
62130 
62131 
62132 
62133 
62134 
62135 
62136 
176825 
62137 
176826 
111290 
62138 
176827 
111291 
176828 
111292 
176829 
111293 
176830 
111294 
176831 
111295 
176832 
111296 
176833 
111297 
62145 
176834 
111298 
62146 
176835 
111299 
62147 
111300 
62148 
62149 
62150 
62151 
62152 
62153 
62154 
62155 
62156 
62157 
62158 
111313 
111314 
111315 
62163 
111316 
62164 
111317 
62165 
111318 
62166 
62167 
62168 
62169 
62170 
62171 
62172 
62173 
62174 
62175 
62176 
176874 
176875 
176876 
176877 
176878 
176879 
176880 
176881 
176882 
111346 
176883 
111347 
176884 
111348 
176885 
111349 
111350 
111351 
111352 
111503 
111504 
111515 
111516 
111517 
111530 
111531 
111532 
111533 
127918 
111534 
127919 
111535 
127920 
127921 
127922 
111548 
111549 
111550 
111551 
111552 
111553 
111554 
111555 
111556 
127948 
127949 
127950 
127951 
111569 
111570 
111571 
111572 
127957 
111573 
127958 
111574 
127959 
111575 
127960 
111576 
111577 
111578 
177115 
111579 
177116 
111580 
177117 
111581 
177118 
111582 
177119 
111583 
177120 
177121 
111591 
111592 
111593 
111594 
111595 
111596 
111597 
111598 
111599 
111600 
111601 
111602 
111603 
111604 
111605 
127990 
111606 
127991 
111607 
111608 
111609 
111617 
111618 
177155 
111619 
177156 
111620 
177157 
111621 
177158 
111622 
177159 
111623 
177160 
111624 
177161 
128009 
111625 
177162 
128010 
111626 
177163 
128011 
111627 
128012 
111628 
128013 
111629 
111630 
111631 
111644 
111645 
111646 
111647 
111648 
111649 
111650 
111651 
111652 
226341 
111653 
226342 
111654 
226343 
111655 
226344 
111656 
226345 
128041 
111657 
226346 
128042 
111658 
226347 
128043 
111659 
226348 
128044 
111660 
226349 
111661 
226350 
111662 
226351 
177199 
111663 
226352 
177200 
111664 
226353 
177201 
111665 
226354 
177202 
111666 
226355 
177203 
111667 
226356 
177204 
111668 
226357 
177205 
111669 
226358 
177206 
111670 
226359 
177207 
111671 
226360 
177208 
111672 
226361 
177209 
111673 
226362 
177210 
226363 
177211 
226364 
177212 
226365 
177213 
226366 
177214 
226367 
177215 
226368 
177216 
95296 
226369 
177217 
95297 
226370 
177218 
95298 
226371 
177219 
95299 
226372 
177220 
95300 
226373 
177221 
95301 
226374 
177222 
95302 
226375 
177223 
95303 
226376 
177224 
95304 
226377 
177225 
95305 
226378 
177226 
95306 
226379 
177227 
95307 
226380 
177228 
95308 
226381 
177229 
95309 
226382 
177230 
95310 
177231 
95311 
226384 
177232 
95312 
226385 
177233 
95313 
226386 
177234 
95314 
226387 
177235 
226388 
177236 
226389 
177237 
226390 
177238 
128086 
226391 
177239 
128087 
226392 
177240 
128088 
177241 
128089 
177242 
128090 
177243 
128091 
177244 
128092 
177245 
128093 
177246 
128094 
177247 
95328 
95329 
95330 
95331 
95332 
95333 
95334 
95335 
95336 
95337 
226410 
128106 
95338 
128107 
95339 
128108 
95340 
128109 
95341 
128110 
95342 
128111 
95343 
226416 
95344 
226417 
226418 
226419 
226420 
95348 
226421 
95349 
226422 
95350 
226423 
95351 
226424 
95352 
95353 
95354 
95355 
95356 
95357 
95358 
95359 
95360 
95361 
95362 
177284 
177285 
177286 
177287 
128135 
177288 
128136 
177289 
128137 
226442 
177290 
128138 
95370 
226443 
177291 
128139 
95371 
226444 
177292 
128140 
95372 
226445 
177293 
128141 
95373 
177294 
95374 
177295 
95375 
177296 
95376 
177297 
177298 
177299 
177300 
177301 
177302 
177303 
177304 
177305 
95385 
177306 
95386 
177307 
95387 
95388 
95389 
95390 
95391 
95392 
95393 
95394 
95395 
95396 
95397 
95398 
95409 
95410 
95411 
95412 
95413 
95414 
95415 
95416 
177345 
177346 
177347 
177348 
177349 
177350 
177351 
177352 
177353 
177354 
177355 
95435 
177356 
95436 
177357 
95437 
177358 
95438 
177359 
95439 
177360 
95440 
177361 
95441 
177362 
95442 
177363 
95443 
177364 
95444 
177365 
95445 
177366 
95446 
95447 
95448 
95449 
95450 
177379 
177380 
177381 
177382 
95462 
177383 
95463 
177384 
95464 
177385 
95465 
177386 
95466 
177387 
95467 
177388 
95468 
177389 
95469 
177390 
177391 
177392 
177393 
177394 
177395 
177396 
177397 
177408 
177409 
177410 
177411 
177412 
177413 
177414 
95494 
177415 
95495 
177416 
95496 
177417 
95497 
177418 
95498 
177419 
95499 
177420 
95500 
177421 
95501 
177422 
95502 
177423 
177424 
177425 
128278 
128279 
128296 
128297 
128298 
128299 
177456 
177457 
177458 
177459 
177460 
177461 
177462 
177463 
177464 
177465 
177466 
177467 
177468 
177469 
128317 
177470 
128318 
177471 
128319 
177472 
128320 
177473 
128321 
177474 
128322 
177475 
128323 
177476 
128324 
177477 
177478 
177479 
177480 
177481 
177482 
177483 
177484 
177485 
177486 
177487 
177488 
177489 
177490 
177491 
177492 
177493 
177494 
128342 
177495 
128343 
177496 
128344 
177497 
128345 
177498 
128346 
177499 
128347 
177500 
128348 
177501 
128349 
128350 
128351 
128352 
128371 
128372 
128373 
128374 
128375 
128376 
128377 
128378 
128379 
128380 
128381 
128382 
128383 
128384 
128385 
128386 
128387 
128388 
128389 
128390 
210311 
210312 
210313 
210314 
210315 
210316 
210317 
210318 
128398 
210319 
128399 
95631 
210320 
128400 
95632 
210321 
128401 
95633 
210322 
128402 
95634 
210323 
128403 
210324 
128404 
210325 
128405 
210326 
128406 
210327 
128407 
210328 
128408 
210329 
128409 
210330 
128410 
95642 
210331 
128411 
95643 
210332 
128412 
95644 
210333 
95645 
210334 
95646 
210335 
210336 
128416 
210337 
128417 
210338 
128418 
210339 
128419 
210340 
128420 
210341 
128421 
210342 
128422 
95654 
210343 
128423 
95655 
128424 
95656 
128425 
95657 
128426 
95658 
128427 
95659 
128428 
95660 
128434 
128435 
128436 
128437 
95669 
128438 
95670 
128439 
95671 
128440 
95672 
128441 
95673 
128442 
95674 
128443 
95675 
128444 
95676 
128445 
95677 
128446 
95678 
210367 
128447 
210368 
128448 
210369 
128449 
210370 
128450 
210371 
128451 
210372 
128452 
210373 
128453 
210374 
128454 
210375 
128455 
95687 
128456 
95688 
128457 
95689 
128458 
95690 
128459 
95691 
128460 
95692 
128461 
95693 
95694 
95695 
95696 
95697 
95698 
95699 
95700 
95701 
95702 
95703 
95704 
210395 
210396 
210397 
210398 
95710 
210399 
95711 
210400 
95712 
210401 
95713 
210402 
95714 
210403 
95715 
210404 
95716 
95717 
210406 
95718 
210407 
95719 
210408 
95720 
210409 
95721 
210410 
95722 
210411 
95723 
210412 
95724 
210413 
95725 
210414 
95726 
243183 
210415 
95727 
243184 
243185 
243186 
243187 
243188 
243189 
95733 
243190 
95734 
95735 
243192 
95736 
243193 
95737 
243194 
95738 
243195 
95739 
243196 
95740 
243197 
95741 
243198 
95742 
243199 
95743 
95744 
95745 
243202 
95746 
243203 
95747 
243204 
95748 
243205 
95749 
243206 
95750 
243207 
243208 
243209 
243212 
243213 
243214 
243215 
243216 
243217 
243218 
243223 
243224 
243225 
243226 
243227 
243228 
95772 
243229 
95773 
95774 
95775 
95776 
95777 
95778 
95779 
243236 
95780 
243237 
95781 
243238 
95782 
243239 
95783 
243240 
95784 
243241 
95785 
95786 
243243 
95787 
243244 
95788 
243245 
95790 
95791 
95792 
95793 
95794 
95795 
95796 
95797 
95798 
95799 
95800 
210489 
95801 
210490 
95802 
210491 
95803 
95804 
95805 
95806 
95807 
95808 
95809 
95810 
95811 
95812 
226900 
226901 
226902 
210540 
210541 
210543 
226941 
226942 
79697 
79698 
79699 
210848 
210849 
210850 
210851 
210852 
210853 
210854 
210855 
210856 
210895 
210896 
210897 
210898 
210899 
210900 
210901 
210902 
210903 
210953 
210954 
210967 
210968 
210969 
210970 
210971 
210972 
145477 
211015 
211016 
211017 
211018 
211019 
211059 
211060 
211061 
80012 
80013 
80014 
80015 
80016 
80017 
80018 
80019 
211095 
211096 
80034 
80035 
80036 
80037 
80038 
80039 
80040 
80041 
80042 
80043 
80075 
80076 
80077 
80078 
80079 
80080 
80081 
80082 
80083 
80084 
80085 
80096 
80097 
80098 
80099 
80100 
80101 
80102 
80103 
80104 
80105 
80106 
80122 
80123 
80124 
80125 
80126 
80127 
80128 
80129 
80130 
80131 
80132 
80133 
80140 
80141 
80142 
80143 
80144 
80145 
80146 
80147 
80148 
80149 
80150 
80151 
80161 
80162 
80163 
80164 
80165 
80166 
80167 
80168 
80169 
80170 
80171 
80172 
80183 
80184 
80185 
80186 
80187 
80188 
80189 
80190 
80191 
80192 
80193 
80194 
80196 
80197 
80198 
80199 
80200 
80201 
80202 
80203 
80204 
80205 
80206 
63822 
80207 
63823 
80208 
63824 
80215 
80216 
80217 
80218 
80219 
80220 
80221 
80222 
80223 
80224 
80225 
80226 
63851 
80236 
63852 
80237 
63853 
80238 
63854 
80239 
63855 
80240 
63856 
80241 
63857 
80242 
63858 
80243 
80244 
80245 
80246 
80247 
80248 
80249 
80250 
80251 
63867 
80252 
63868 
80253 
63869 
80254 
63870 
80255 
63871 
80256 
63872 
80257 
63873 
80258 
63874 
80259 
63875 
80260 
63876 
80261 
80271 
80272 
80273 
80274 
80275 
80276 
80277 
80278 
80279 
80280 
80281 
80282 
80283 
80284 
63900 
63901 
63902 
63903 
63904 
63905 
63906 
63907 
63908 
63909 
63910 
63911 
194986 
194987 
194988 
194989 
194990 
80302 
194991 
80303 
194992 
80304 
194993 
80305 
194994 
80306 
194995 
80307 
194996 
80308 
194997 
80309 
194998 
80310 
194999 
80311 
195000 
80312 
195001 
80313 
195002 
80314 
195003 
80315 
63931 
195004 
80316 
63932 
195005 
63933 
195006 
63934 
63935 
63936 
63937 
63938 
63939 
63940 
63941 
63942 
63948 
63949 
63950 
63951 
63952 
63953 
63954 
63955 
63956 
63957 
63958 
63959 
63960 
195038 
195039 
195040 
195041 
195042 
195043 
63973 
63974 
63975 
63976 
63977 
63978 
63979 
63980 
63981 
63982 
63983 
63984 
63985 
64000 
64001 
64002 
64003 
195076 
64004 
195077 
64005 
195078 
64006 
195079 
64007 
195080 
64008 
195081 
64009 
195082 
64010 
195083 
64011 
195084 
64012 
195085 
64013 
195086 
195087 
195088 
195089 
195090 
80456 
80457 
80458 
80459 
80467 
80468 
80469 
80470 
80471 
80472 
80473 
80474 
195167 
195168 
195169 
80481 
195170 
80482 
195171 
80483 
195172 
80484 
195173 
80485 
195174 
80486 
195175 
80487 
80488 
80489 
80490 
80491 
80492 
80499 
80500 
80501 
80502 
80503 
80504 
80505 
80506 
80507 
80508 
80509 
80510 
80511 
80512 
80513 
80514 
80515 
80516 
80523 
80524 
80525 
80526 
80527 
80528 
80529 
80530 
80531 
80532 
80533 
80534 
80535 
80536 
80537 
80538 
80539 
80544 
80545 
80546 
80547 
64163 
80548 
64164 
80549 
64165 
80550 
80551 
80552 
80553 
195242 
80554 
195243 
80555 
195244 
80556 
195245 
80557 
195246 
80558 
195247 
80559 
195248 
80560 
195249 
195250 
195251 
195252 
64180 
195253 
80565 
64181 
80566 
64182 
195255 
80567 
64183 
195256 
146104 
80568 
64184 
195257 
80569 
64185 
195258 
80570 
64186 
195259 
80571 
64187 
80572 
80573 
80574 
80575 
80576 
80577 
80578 
80579 
80580 
80581 
64199 
195272 
64200 
195273 
64201 
195274 
64202 
195275 
64203 
64204 
64205 
64206 
64207 
64208 
64209 
64218 
146139 
64219 
64220 
64221 
80606 
64222 
80607 
64223 
80608 
64224 
80609 
64225 
80610 
64226 
146147 
80611 
64227 
146148 
80612 
64228 
146149 
80613 
64229 
195302 
80614 
64230 
195303 
80615 
64231 
195304 
80616 
80617 
80618 
80619 
80620 
64236 
80621 
64237 
64238 
64239 
64240 
64241 
80626 
64242 
80627 
64243 
80628 
64244 
80629 
64245 
80630 
64246 
80631 
64247 
113400 
80632 
64248 
113401 
80633 
64249 
113402 
80634 
64250 
113403 
80635 
113404 
80636 
146173 
80637 
146174 
80638 
80639 
64255 
80640 
64256 
80641 
64257 
64258 
64259 
64260 
64261 
80646 
64262 
80647 
64263 
80648 
64264 
80649 
64265 
80650 
64266 
80651 
64267 
80652 
64268 
80653 
64269 
80654 
80655 
80656 
80657 
80658 
80659 
146196 
80660 
146197 
80661 
146198 
146199 
146200 
146201 
162593 
162594 
162595 
162596 
162597 
162598 
162599 
64302 
64303 
64304 
64305 
64306 
64307 
64308 
64309 
64310 
64311 
64312 
64313 
64314 
64315 
64316 
64322 
162627 
64323 
162628 
64324 
146245 
64325 
146246 
64326 
146247 
64327 
64328 
64329 
64330 
64331 
64332 
64333 
64334 
64335 
64340 
64341 
64342 
64343 
64344 
64345 
64346 
64347 
64348 
64349 
64350 
64351 
64352 
162657 
64353 
162658 
162659 
162660 
162661 
162662 
162663 
146303 
146304 
146305 
146306 
146307 
146308 
146309 
146310 
146311 
146322 
146323 
146324 
146325 
146326 
146327 
146328 
162722 
162723 
162724 
162725 
162726 
146357 
146358 
146359 
146360 
146361 
146362 
146363 
146364 
195562 
195563 
195564 
195565 
162797 
195566 
162798 
195567 
162799 
195568 
162800 
195569 
162801 
162802 
162803 
162804 
162805 
162806 
162807 
162808 
162809 
162822 
162823 
162824 
162825 
162826 
162827 
162828 
162829 
48142 
48143 
48144 
195611 
195612 
195613 
195614 
195615 
195616 
195617 
195618 
195619 
195620 
162865 
162866 
162867 
162868 
162869 
162870 
162871 
162872 
162873 
162874 
195669 
146517 
195670 
146518 
195671 
146519 
195672 
146520 
195673 
195674 
195675 
195676 
195677 
195678 
195679 
195683 
195684 
195685 
195686 
195687 
195688 
195689 
261226 
195690 
261227 
195691 
261228 
195692 
261229 
195693 
261230 
195694 
146542 
261231 
195695 
146543 
195696 
146544 
195697 
146545 
146546 
195702 
195703 
261240 
195704 
261241 
195705 
261242 
195706 
261243 
195707 
261244 
195708 
195709 
195710 
195711 
195712 
195713 
195714 
195715 
195716 
195717 
195718 
261255 
195719 
261256 
195720 
261257 
195721 
195722 
146570 
195723 
146571 
146572 
146573 
146574 
146575 
146576 
146577 
146578 
146579 
146580 
146581 
146582 
146583 
146584 
146585 
146586 
146587 
146588 
97451 
97452 
97453 
97454 
97455 
97456 
97457 
97458 
97459 
97460 
146613 
146614 
146615 
146616 
146617 
146618 
146619 
146620 
195773 
146621 
195774 
146622 
195775 
146623 
195776 
146624 
195777 
146625 
195778 
146626 
195779 
146627 
195780 
146628 
195781 
146629 
195782 
146630 
195783 
195784 
195785 
195786 
195787 
195788 
113870 
113871 
113872 
113873 
113874 
113875 
113876 
113877 
146656 
146657 
146658 
146659 
146660 
146661 
146662 
146663 
146664 
146665 
113897 
146666 
113898 
146667 
113899 
146668 
113900 
146669 
113901 
146670 
113902 
146671 
113903 
163056 
146672 
163057 
146673 
163058 
146674 
130290 
163059 
146675 
130291 
163060 
146676 
130292 
113908 
163061 
113909 
113910 
113911 
113912 
113913 
113914 
146684 
146685 
146686 
195839 
146687 
195840 
146688 
195841 
146689 
195842 
146690 
195843 
146691 
195844 
146692 
195845 
146693 
195846 
146694 
195847 
146695 
195848 
146696 
195849 
146697 
195850 
146698 
113933 
113934 
113935 
146704 
113936 
146705 
163090 
146706 
163091 
146707 
163092 
146708 
163093 
146709 
163094 
146710 
163095 
146711 
163096 
146712 
146713 
146714 
146715 
146716 
195873 
113953 
195874 
113954 
195875 
113955 
195876 
146724 
113956 
195877 
146725 
113957 
195878 
146726 
113958 
195879 
146727 
113959 
195880 
146728 
113960 
146729 
146730 
146731 
146732 
146733 
146734 
146735 
146736 
146737 
146738 
146739 
146740 
146741 
163126 
146742 
163127 
146743 
163128 
146744 
163129 
146745 
163130 
146746 
163131 
146747 
163132 
146748 
195901 
163133 
146749 
195902 
163134 
146750 
113982 
195903 
163135 
146751 
113983 
195904 
163136 
146752 
113984 
195905 
163137 
146753 
113985 
195906 
163138 
146754 
113986 
195907 
163139 
163140 
163141 
163142 
163143 
163144 
163145 
163146 
163147 
163148 
163149 
163150 
163151 
163152 
163153 
163154 
163155 
163156 
114017 
114018 
114019 
114020 
114021 
114022 
114023 
114024 
114025 
163188 
163189 
163190 
163191 
114039 
163192 
114040 
163193 
114041 
163194 
114042 
163195 
114043 
163196 
114044 
163197 
163198 
195967 
163199 
195968 
163200 
195969 
163201 
195970 
163202 
195971 
163203 
163204 
195973 
163205 
195974 
163206 
195975 
163207 
195976 
163208 
163209 
195978 
163210 
195979 
163211 
195980 
163212 
163213 
114074 
114075 
114076 
114077 
114078 
114079 
114080 
163245 
163246 
163247 
163248 
163249 
163250 
163251 
163252 
163253 
163254 
163255 
163256 
163257 
163258 
163259 
163260 
163261 
163262 
163263 
163273 
163274 
163275 
163276 
163277 
163278 
163279 
163280 
163281 
163282 
163283 
163284 
163285 
163286 
163287 
163288 
163297 
163298 
163299 
163300 
163301 
163302 
163303 
163304 
163305 
163306 
163307 
163308 
163309 
163310 
163311 
163329 
163330 
163331 
163332 
163333 
163334 
163335 
163336 
163337 
163338 
163339 
163340 
163341 
163342 
163343 
163344 
163345 
163346 
163347 
163348 
163349 
163350 
163351 
163352 
163353 
163354 
163355 
163356 
163357 
163358 
163359 
163360 
163361 
163362 
163363 
163364 
163365 
163366 
114236 
114237 
114250 
114251 
114252 
114265 
114266 
114267 
97883 
114268 
97884 
114269 
97885 
114270 
97886 
114271 
97887 
97888 
97889 
97890 
97891 
97892 
97893 
97894 
97895 
97896 
97897 
97898 
97899 
114284 
97900 
114285 
114286 
114287 
114288 
114289 
114290 
114291 
114292 
97914 
97915 
97916 
97917 
97918 
97919 
97920 
97921 
97922 
114307 
97923 
114308 
97924 
114309 
97925 
114310 
97926 
114311 
97927 
114312 
97928 
114313 
114314 
114315 
114316 
97932 
114317 
97933 
114318 
97934 
114319 
97935 
114320 
97936 
114321 
97937 
114322 
97938 
97939 
97940 
97941 
97942 
97943 
97944 
97945 
114330 
114331 
114332 
114333 
114334 
114335 
114336 
114337 
97953 
114338 
97954 
114339 
97955 
114340 
97956 
114341 
97957 
114342 
97958 
114343 
114344 
114345 
114346 
114347 
97968 
114353 
97969 
114354 
97970 
114355 
97971 
114356 
97972 
114357 
97973 
114358 
97974 
114359 
97975 
114360 
97976 
114361 
97977 
114362 
97978 
114363 
97979 
114364 
97980 
114365 
114366 
97991 
97992 
97993 
114378 
97994 
114379 
97995 
114380 
97996 
114381 
97997 
114382 
114383 
114384 
114385 
114386 
114387 
114388 
114389 
114390 
114391 
114392 
114393 
114394 
114395 
114396 
114397 
114398 
114399 
114400 
114401 
114402 
98018 
114403 
98019 
114404 
98020 
114405 
98021 
114406 
98022 
98023 
98024 
98025 
98026 
98027 
98028 
98029 
98030 
98031 
98032 
98047 
98048 
98049 
98050 
98051 
98052 
98053 
98054 
130826 
130827 
130828 
98080 
98081 
98082 
98083 
98084 
98085 
98086 
98087 
130856 
98088 
130857 
130858 
130864 
130865 
130866 
130895 
130896 
130914 
130915 
130916 
130917 
130918 
130919 
130948 
130949 
130950 
98219 
98220 
98221 
130995 
130996 
130997 
130998 
98230 
130999 
98231 
131000 
98232 
131001 
98233 
131002 
131003 
180156 
180157 
180158 
180159 
180160 
180161 
180162 
98242 
180163 
98243 
180164 
98244 
180165 
98245 
180166 
131014 
98246 
131015 
98247 
131016 
98248 
131017 
131018 
131019 
98257 
98258 
98259 
98260 
98261 
98262 
98263 
98264 
98265 
98266 
131044 
98276 
131045 
98277 
180198 
131046 
98278 
180199 
131047 
98279 
180200 
131048 
98280 
180201 
131049 
98281 
131050 
98282 
98283 
98284 
98285 
98286 
98287 
98288 
98289 
98290 
98291 
98292 
98293 
98299 
98300 
98301 
98302 
98303 
)

// ************************************************************************* //
