/*--------------------------------*- C++ -*----------------------------------*\
  =========                 |
  \\      /  F ield         | OpenFOAM: The Open Source CFD Toolbox
   \\    /   O peration     | Website:  https://openfoam.org
    \\  /    A nd           | Version:  6
     \\/     M anipulation  |
\*---------------------------------------------------------------------------*/
FoamFile
{
    version     2.0;
    format      ascii;
    class       volScalarField;
    location    "0.22";
    object      pd;
}
// * * * * * * * * * * * * * * * * * * * * * * * * * * * * * * * * * * * * * //

dimensions      [1 -1 -2 0 0 0 0];

internalField   nonuniform List<scalar> 
9137
(
3762.8005
3728.2036
3715.089
3709.6113
3705.8087
3702.435
3698.7157
3694.2568
3689.522
3686.8275
3690.1898
3574.2986
3574.2021
3578.6218
3579.7647
3579.8355
3580.5305
3580.5147
3580.5281
3580.5411
3580.5413
3580.5415
3580.5415
3045.191
3045.531
3045.5511
3051.8239
3057.5452
3060.3517
3061.9877
3595.1435
3600.0714
3614.2771
4533.8349
4269.7697
4129.4589
4076.5852
3647.0913
3653.8199
3640.543
3644.262
3638.093
3639.1549
3639.2754
3639.2467
3639.2449
2005.1702
2005.1716
2005.1694
2005.1394
2005.1046
2005.0716
2005.053
2005.051
2005.0514
1557.4205
1557.4199
1557.4199
1557.4186
1557.4187
1001.9285
1003.0218
1005.1671
1008.1919
1006.5789
995.61248
977.50555
956.44195
935.37993
915.5482
898.97652
887.70118
879.91047
874.19699
870.07423
866.57367
862.9545
858.6917
853.52004
847.16491
839.0532
829.61071
827.3103
824.39083
818.24181
820.59761
817.16043
812.94429
813.75983
813.20791
813.05245
218.7071
218.75928
217.96809
216.23817
213.67644
210.53561
207.11537
203.52173
193.62725
174.32146
169.27585
160.08619
153.28767
146.41379
139.08204
131.17789
122.60609
114.10271
112.13864
102.76086
99.928929
102.13922
102.84765
100.86253
102.26662
95.327408
79.546273
63.414333
3730.9677
3720.5241
3713.624
3708.9986
3705.1837
3701.6908
3698.34
3695.1207
3692.181
3692.973
3697.0514
3700.1193
3574.2248
3575.3348
3577.4557
3578.3593
3580.0063
3580.6324
3580.501
3580.538
3580.5363
3580.54
3043.944
3044.2497
3048.4248
3052.9031
3056.6791
3058.952
3062.1105
3593.4596
3598.1323
3621.4843
3630.0305
3681.8005
3881.4668
4028.3658
4183.8936
4114.1381
4049.4975
3977.9256
3900.3477
3823.4223
3769.1941
3731.2885
3704.98
3685.6738
3668.5091
3659.6749
3653.0268
3645.111
3643.1936
3639.0382
3640.9291
3638.6616
3639.2592
2005.1715
2005.1808
2005.1455
2005.1042
2005.0635
2005.0468
2005.0507
1557.4213
1557.4199
1557.4199
1557.4182
1002.2191
1000.8933
1001.4998
999.01117
995.45908
985.69345
969.96238
950.44641
930.92302
913.94781
900.81459
891.63299
884.1767
877.5321
872.23004
867.79124
863.69063
859.46523
854.93807
849.74465
843.92349
837.70173
832.19491
828.36829
826.53204
817.74373
807.23035
828.25138
812.37024
812.85047
812.72394
218.79328
218.74231
217.19877
214.85752
211.8152
208.12269
203.70225
198.75325
170.79944
166.46245
161.70902
154.02422
146.60599
139.25361
131.49393
122.58821
114.9685
109.28968
113.29413
96.990676
94.284708
95.334671
92.72166
89.616445
81.472629
66.248511
56.414088
3717.6591
3714.7662
3711.3956
3707.7567
3704.3031
3700.7386
3697.1432
3693.7206
3690.3294
3688.1751
3688.777
3687.152
3687.1324
3563.9492
3571.1954
3571.651
3577.0598
3582.7286
3580.82
3580.6191
3037.9262
3042.3331
3049.4723
3057.6006
3060.8181
3070.2367
3572.067
3598.6087
3620.1432
3648.2341
3686.5245
3757.4911
3775.7978
3791.2185
3856.8308
3910.193
3984.2905
3988.3951
3970.1001
3927.7853
3863.3684
3808.2143
3768.1764
3736.7293
3711.36
3691.3509
3675.2479
3663.4882
3655.1821
3648.4926
3643.6702
3640.7531
3636.9345
3638.1776
3639.0539
2005.1713
2005.1897
2005.1621
2005.1001
2005.0332
2005.0462
2005.0489
1557.4186
1557.4187
1557.4164
997.46455
999.00542
1000.4957
998.96674
991.98892
981.39498
965.61021
944.99672
923.57433
907.20088
898.18191
891.70346
885.16929
878.54973
873.18652
868.539
864.29737
860.32075
856.48099
852.33524
847.5002
842.24424
836.18197
828.97902
822.77399
829.68587
817.71704
777.80399
798.59053
814.07425
218.94563
219.39789
218.88112
216.75976
214.10912
210.66803
208.37494
159.13674
153.93916
146.77344
139.57269
131.85937
121.83551
114.77297
100.90053
78.105035
92.789044
94.110448
92.069904
89.661431
85.255433
75.126655
61.103837
53.023552
3710.4029
3710.6006
3709.2172
3706.5891
3703.3616
3699.4456
3694.8837
3690.0488
3685.0127
3679.5024
3674.4274
3665.1996
3644.0658
3627.6781
3517.9161
3548.5474
3559.5902
3569.8216
3574.7659
3575.6306
3582.9561
3013.671
3031.7072
3041.1624
3050.2713
3059.5093
3065.4273
3080.7035
3550.173
3568.377
3595.079
3625.0537
3663.6332
3709.9624
3740.5248
3764.6365
3800.7613
3846.3785
3865.4605
3866.5369
3858.8632
3832.4967
3798.0257
3768.774
3744.4716
3722.3374
3703.2325
3686.893
3673.1032
3662.0384
3653.5299
3646.6817
3641.2323
3637.459
3637.0343
3639.9276
3638.9319
2005.2194
2005.1891
2005.0984
2005.0096
2005.0409
1557.3993
1557.4144
1557.4242
994.53605
1001.2913
1001.507
998.79879
991.94476
980.92286
959.6884
936.06469
911.24418
902.09466
894.19535
890.2076
883.98367
878.20674
873.29056
868.68097
864.60007
860.98689
858.03035
855.7492
851.69063
846.42664
840.31774
832.18512
818.87132
806.67119
807.51409
849.24729
830.75192
220.35889
221.64152
219.41266
217.41626
215.33003
213.058
108.01086
119.55809
80.587799
86.652965
85.890081
84.013034
79.339961
69.521773
56.275231
48.363397
3706.6155
3708.0522
3707.732
3705.6743
3702.3846
3697.6841
3691.4029
3684.1214
3676.1529
3668.0183
3659.6441
3647.7845
3627.2523
3590.3983
3570.5497
3547.575
3528.8026
3542.5994
3554.4959
3562.8248
3569.4453
3574.4851
3579.3944
3592.7722
3003.1686
3020.474
3034.7413
3047.3598
3059.3408
3072.1315
3094.1427
3467.2163
3509.2495
3541.0116
3575.774
3610.7022
3641.0309
3670.7427
3694.6583
3715.1851
3736.4688
3753.7945
3760.0567
3753.95
3744.9606
3741.1059
3731.0881
3723.4127
3711.8385
3697.6737
3684.659
3673.4076
3663.2847
3654.5777
3647.1481
3640.9441
3636.328
3633.6807
3635.7245
3636.544
2005.2825
2005.2561
2005.0532
2004.9971
1557.3947
1557.4191
1557.4516
994.53247
1004.1018
1005.009
1001.9151
997.59446
994.40214
992.16991
877.49636
891.99308
892.41038
881.36327
877.05281
872.75589
868.11391
863.4729
861.44202
858.52041
861.50196
857.71986
851.50483
845.09331
838.50565
825.11975
801.38394
805.29088
714.17208
221.94373
223.31395
222.44148
221.32398
221.93633
54.49902
81.386653
80.053349
80.295133
78.41942
73.296499
63.45639
50.543114
41.96916
3705.016
3706.7097
3706.7288
3704.7671
3701.0619
3695.391
3687.4831
3677.1907
3665.5345
3655.0029
3645.9197
3634.8407
3618.747
3596.7936
3575.3982
3557.9474
3547.4085
3548.0153
3556.1208
3562.842
3568.4574
3573.0524
3577.6612
3585.1075
3596.5076
2977.4417
2987.4737
3009.0851
3027.5549
3043.1567
3057.6987
3072.7826
3091.928
3114.1109
3443.3231
3477.2687
3512.0948
3546.4442
3579.9982
3608.2156
3630.5487
3639.7699
3610.0711
3656.7748
3656.9772
3661.9085
3649.1082
3651.1983
3656.3554
3667.1823
3675.4239
3676.228
3671.8507
3664.5351
3655.6732
3647.9308
3641.5254
3635.5946
3630.6106
3627.5272
3628.3971
3629.1037
3647.2628
2005.3801
2005.4463
2005.0329
2004.9111
1557.5515
1557.4408
1557.429
1002.1803
1010.4637
1010.132
1005.8514
1000.4917
995.70664
889.80151
876.1451
875.19413
871.62397
866.89318
864.12538
863.79957
861.60142
862.7716
866.78724
858.01743
850.27694
838.67059
816.41546
794.90988
792.26587
878.72723
225.51354
225.89143
224.4014
224.38662
66.436754
75.997703
76.149637
75.54239
73.023718
67.370153
57.491535
44.763585
35.129066
3705.0259
3706.4943
3706.6471
3704.8959
3701.0039
3694.317
3684.109
3669.3299
3654.969
3641.8983
3633.1242
3624.4947
3611.2099
3592.2193
3573.4339
3560.0855
3553.2056
3553.25
3557.2708
3561.9079
3566.0023
3568.8323
3570.2061
3567.6127
3551.8377
3544.5937
3533.9159
3526.4912
3513.8824
3492.8281
3511.4898
2883.4998
2931.4299
2955.1806
2973.8347
2997.5349
3017.8662
3034.4534
3049.0636
3061.086
3066.0604
3050.8322
3053.4561
3025.6003
3030.6376
3346.9102
3389.561
3437.8446
3477.4383
3513.144
3547.4817
3577.2887
3602.07
3613.2699
3618.4747
3576.4338
3623.7318
3624.3313
3631.0694
3638.482
3640.434
3639.8463
3635.9782
3629.9971
3624.2833
3619.3567
3615.1654
3612.2017
3612.4524
3626.2867
2005.3162
2005.2829
2005.1275
2004.7848
1575.0693
1570.1184
1565.7821
1559.5191
1558.7299
1557.9436
1557.3044
1557.3495
1016.056
1021.1814
1018.8504
1011.5519
997.5874
1000.2254
870.96114
871.7243
867.57146
854.57438
871.78372
859.27265
875.8149
750.62186
703.29738
725.59804
230.18643
230.13836
227.50171
227.02435
70.526813
72.048674
73.290135
71.969369
68.383074
62.077271
52.135723
39.501846
28.804576
3706.3316
3707.4761
3707.7696
3706.4745
3702.8917
3695.6541
3683.2166
3655.9679
3636.4252
3631.3096
3622.2378
3618.4484
3607.4055
3586.9041
3568.4571
3556.9369
3554.2126
3555.7086
3558.2151
3561.1098
3563.82
3565.4878
3565.7657
3562.6843
3555.6502
3544.2524
3530.8991
3517.9478
3503.7358
3489.005
3474.7557
3468.3042
3410.9058
2844.5568
2867.0275
2891.9558
2905.7471
2934.542
2961.1126
2984.776
3004.6557
3020.539
3035.2049
3046.4078
3051.0853
3048.2488
3035.5069
3017.0748
3000.0877
3003.6366
2983.7611
2960.94
2999.8689
3273.2021
3312.692
3359.039
3404.3033
3444.3573
3481.2163
3515.6844
3546.6418
3573.5225
3573.9585
3619.659
3612.3405
3615.6007
3616.1698
3615.3916
3613.3538
3609.676
3604.656
3599.5013
3594.5245
3589.7112
3586.4762
3588.6978
2005.3447
2005.2903
2004.1785
1607.5643
1590.656
1585.8664
1574.1754
1570.8751
1564.8731
1560.787
1558.8173
1556.994
1556.5686
1556.7631
1039.6682
1037.6821
1033.6244
1027.6507
1004.6909
652.93756
690.71622
626.46401
246.7494
240.77509
234.92472
230.05374
229.00749
82.397287
74.770783
72.74288
69.63451
64.807636
57.743925
47.609437
34.953858
23.361397
3708.4503
3709.1582
3709.4734
3708.8143
3706.5064
3701.9066
3695.5635
3679.6541
3598.4952
3610.1507
3621.2145
3613.6527
3582.004
3563.9577
3548.1037
3550.09
3555.4219
3558.7971
3560.9386
3562.6566
3563.8348
3563.2567
3560.0753
3553.6474
3542.7622
3529.5572
3514.8721
3497.8529
3477.3977
3449.067
3395.8752
3301.6556
3221.5209
3099.5963
2986.1056
2960.271
2820.7753
2825.4197
2854.579
2872.2554
2884.4645
2900.282
2923.9059
2948.9295
2970.5109
2988.4937
3003.5957
3015.7679
3025.9628
3031.7388
3031.9378
3023.7243
3011.4936
2999.2646
2987.0859
2969.3026
2959.5757
2959.0774
2972.7347
2960.8421
2958.5101
2973.4344
3001.8759
3040.0449
3083.1085
3127.7206
3172.5984
3243.7605
3285.321
3330.1192
3374.32
3414.1609
3450.4534
3483.7621
3516.8016
3550.378
3586.2112
3577.6835
3589.1354
3596.283
3597.1065
3595.5155
3592.6995
3589.0264
3583.8689
3577.4868
3570.6587
3562.5821
3553.0231
3532.5215
2005.8109
2006.039
2002.6395
2002.2949
1633.1611
1619.6143
1615.7086
1589.6834
1591.4582
1577.3781
1567.9819
1563.808
1556.9862
1554.1354
1554.1363
1556.3404
1062.5131
1055.5151
1049.9723
1021.909
606.95455
622.14451
594.67528
562.36287
278.84705
266.35118
253.93552
246.25747
237.1493
230.37837
228.83683
87.551713
78.311895
76.580493
72.810024
68.032063
62.104902
54.326851
43.987896
31.394503
19.206087
3710.7332
3710.9966
3711.4588
3711.6745
3711.088
3710.4495
3713.789
3712.3199
3522.8113
3529.9204
3539.9055
3551.2186
3557.4243
3560.5455
3562.4689
3563.3808
3562.3859
3559.169
3553.0799
3543.3538
3530.1666
3513.1826
3492.3262
3464.9634
3426.7819
3368.8752
3285.4151
3180.464
3065.2347
2962.0348
2856.0397
2801.2535
2766.3399
2728.8277
2702.8922
2691.0431
2692.0464
2702.2515
2718.0584
2738.5413
2761.3845
2780.6157
2800.0562
2830.1731
2853.8705
2872.212
2888.946
2901.5574
2918.2101
2937.8939
2955.7298
2971.2754
2985.9819
2997.2423
3005.8746
3012.3986
3015.9933
3013.0191
3003.9441
2990.8882
2974.7077
2957.0142
2946.3598
2952.0889
2955.7694
2954.3375
2970.399
2995.2887
3022.4153
3054.9216
3092.1008
3133.5831
3178.8227
3227.1004
3269.3452
3309.8225
3349.6883
3387.1056
3420.0812
3450.6535
3482.2851
3514.2463
3573.4405
3551.6606
3574.3827
3580.6595
3580.4847
3578.4262
3574.5511
3569.5349
3563.6578
3556.3154
3547.3901
3536.8673
3526.1938
3520.5662
3502.3286
2009.9552
2007.2615
2004.1689
2001.7976
1654.698
1642.321
1627.3668
1612.9396
1595.6182
1587.0113
1580.7944
1564.5541
1563.7921
1552.3428
1563.9679
1553.8283
1558.0197
1037.0268
1075.3044
1074.2875
1064.9166
581.89917
595.94375
582.363
560.83196
540.65684
320.37846
302.7103
284.93007
270.62896
256.87631
245.68553
236.36717
227.88122
225.38684
101.55053
93.250246
85.075726
78.642889
72.855958
66.852746
59.944155
51.502339
40.998105
28.683821
16.190455
3712.6251
3712.5524
3713.226
3714.2705
3715.0525
3716.1787
3717.0393
3518.2826
3529.7568
3545.9352
3554.878
3559.4127
3561.918
3562.6921
3561.8135
3559.0091
3553.564
3544.6917
3531.9033
3513.3939
3489.9564
3457.9815
3408.5335
3334.4485
3243.8412
3136.6935
3022.4661
2926.1119
2848.9922
2794.1911
2750.8759
2725.7142
2713.0026
2706.8142
2708.5835
2717.1351
2730.5165
2746.9809
2766.3876
2786.4769
2806.7988
2835.1772
2854.9839
2871.0926
2887.402
2899.7053
2912.7751
2928.1581
2942.0069
2955.2508
2969.7763
2982.9943
2990.7473
2998.3763
3004.7607
3004.3697
2996.8862
2982.5507
2962.8342
2940.5942
2921.0625
2918.1571
2934.2649
2952.162
2982.3882
3012.9265
3040.2501
3069.9324
3102.7105
3138.6517
3177.0836
3218.2917
3256.8134
3294.0452
3330.7874
3363.7915
3391.4103
3417.247
3443.6787
3474.328
3580.9658
3598.9509
3563.407
3564.011
3565.2835
3563.3185
3558.6029
3552.2927
3544.9245
3536.1349
3525.617
3512.8265
3498.3144
3481.4941
3451.7138
2020.6089
2005.3239
2005.1204
1993.2274
1725.6714
1696.9332
1671.3035
1646.38
1625.5942
1610.1047
1593.9717
1583.4017
1575.2979
1563.9164
1572.9779
1537.9974
1494.3186
1554.1728
1102.5132
1111.0995
1138.4528
565.1196
585.75175
588.34546
578.55056
559.87618
544.62618
526.04228
508.25434
480.13205
449.56775
417.23114
385.60707
356.56141
329.1284
307.03346
288.26293
272.45363
258.587
246.42332
235.63595
225.71228
220.26016
212.29917
110.76756
103.79805
103.01022
92.764041
84.978669
78.494405
72.150741
65.348025
57.664893
48.654313
37.856486
25.392903
12.699638
3713.506
3713.3713
3714.4154
3716.358
3718.4878
3721.9403
3726.8126
3525.0862
3542.3749
3551.8974
3557.1079
3560.0036
3561.142
3560.8721
3558.8822
3554.5813
3546.787
3535.0384
3515.5737
3493.1096
3456.8715
3430.3875
3354.0716
3250.8859
3108.5621
2955.5887
2831.4838
2748.9471
2777.6474
2721.6097
2708.1646
2712.9492
2718.9868
2725.7715
2734.1281
2745.6917
2760.333
2776.9585
2796.1909
2812.7996
2834.5255
2854.3317
2870.6045
2886.1816
2898.221
2908.5497
2919.8159
2931.127
2940.8019
2956.5417
2975.9875
2986.2413
3000.9376
3012.4866
3016.1401
3007.9591
2987.0285
2954.6886
2915.7279
2870.995
2883.7935
2903.1881
2951.392
2993.1477
3027.1939
3055.9475
3084.9705
3113.6631
3144.8112
3178.0485
3212.8479
3246.5689
3281.3149
3313.8488
3341.9017
3365.3704
3385.895
3395.8788
3442.7887
3544.8868
3529.6526
3552.2749
3558.2819
3556.1335
3551.5538
3544.8885
3536.9751
3527.8453
3517.1929
3505.1207
3490.7274
3474.0995
3457.2996
3447.2849
3436.7097
2366.4772
2359.0504
2334.5155
2278.7737
2225.274
2186.1964
2200.0563
2037.5435
2035.0938
2010.9365
2013.0909
1980.4108
1958.2154
1915.6947
1862.2627
1818.4734
1779.9993
1745.3798
1707.6604
1677.517
1653.3499
1632.5319
1613.8341
1597.5645
1584.8443
1571.5282
1554.428
1550.2124
1510.2762
1610.7343
1586.9535
1145.3674
1144.6061
1132.7108
1173.344
591.70882
590.85159
589.09908
579.72564
564.57053
552.34747
534.50823
508.20648
479.6759
448.25992
419.48251
386.0199
355.45174
330.39621
307.95117
289.2204
273.04737
258.69157
245.66298
233.61228
222.38196
212.40026
199.04409
105.52411
106.07428
99.787033
97.097078
90.146711
83.47894
77.053396
70.348525
63.040783
54.865249
45.423626
34.22807
21.604997
9.8969246
3712.722
3712.877
3714.2086
3716.7307
3720.2315
3726.1472
3735.4106
3510.3675
3522.4544
3538.762
3548.3452
3554.1688
3557.5733
3559.2617
3559.6649
3558.8029
3556.6771
3550.2328
3542.6129
3513.293
3523.5217
3505.0508
2689.6157
2682.615
2692.3561
2713.482
2729.7369
2743.3418
2752.36
2763.4239
2777.7383
2792.4593
2807.2303
2819.621
2837.3309
2856.3001
2872.6474
2886.7257
2895.1863
2904.6288
2912.1637
2933.1675
2929.9622
2960.4345
2850.8107
2916.0114
2970.9587
2992.9447
3029.3164
3063.7814
3093.9967
3121.6524
3149.8501
3178.009
3207.2729
3237.1048
3266.9003
3294.6318
3318.4255
3337.8643
3354.0299
3362.1385
3395.6205
3550.98
3556.0154
3553.3016
3549.9611
3546.7722
3539.6765
3531.5987
3522.4531
3512.0755
3500.1463
3486.4007
3470.4342
3451.7467
3430.1756
3405.8518
3368.3137
2382.0492
2364.9249
2346.971
2309.3135
2262.4134
2219.1135
2188.2788
2160.2154
2127.3223
2096.187
2082.9625
2068.597
2059.915
2053.0715
2019.3425
2026.9163
1995.2072
1977.5628
1951.9454
1919.5351
1874.416
1830.8081
1788.1317
1746.0379
1710.472
1680.6291
1656.2033
1633.6448
1613.9708
1596.3982
1580.5479
1565.59
1551.8414
1538.9328
1521.1242
1487.5895
1186.6714
1161.4398
1149.6432
1143.5986
595.98873
598.24963
595.47738
585.28457
570.6181
560.11726
540.95573
515.81288
482.13368
449.55807
417.48928
387.00224
356.61672
330.9852
306.53966
287.47148
272.10905
257.5111
243.87203
230.9053
218.47877
206.08776
190.50849
176.45048
161.11193
146.87055
135.21646
121.85665
113.9211
106.50116
105.43754
100.02172
93.79177
87.403354
80.959089
74.401044
67.477418
59.944642
51.610003
42.11634
31.281004
20.480894
9.4597819
3710.2779
3710.5585
3712.191
3715.2365
3720.0419
3728.2921
3740.7017
3498.8452
3509.9128
3522.5801
3535.1269
3544.7254
3551.1366
3555.0762
3557.1337
3558.2767
3559.1193
3559.9697
3550.9585
3574.5136
3536.3307
2646.0727
2671.2061
2698.8935
2728.4595
2751.5412
2767.6375
2781.5357
2795.6661
2806.3
2816.6046
2826.8626
2841.7618
2858.9009
2875.3508
2889.9758
2887.5458
2909.4315
2907.9245
2985.1807
3000.0151
3033.6215
3065.5828
3093.2171
3120.0527
3146.1256
3171.6195
3196.8358
3222.7787
3248.3601
3271.762
3291.5291
3306.9165
3317.1433
3330.4058
3547.8181
3544.5067
3540.5315
3541.304
3533.5637
3528.288
3518.9067
3508.4493
3496.9221
3484.1108
3469.3838
3452.1092
3431.8826
3406.2483
3378.0228
3352.4554
3329.6797
2391.3855
2387.9562
2419.483
2360.7044
2328.9893
2280.4042
2237.1641
2202.3338
2173.3169
2153.6696
2135.7304
2121.9057
2107.1031
2094.3336
2079.3575
2073.5544
2051.2076
2047.5495
2018.8079
1996.7303
1962.1579
1913.3491
1869.6149
1820.7474
1782.0493
1743.2805
1710.3106
1679.3766
1657.7823
1634.1426
1612.2464
1593.3647
1575.3193
1558.1362
1542.4248
1526.3641
1510.6826
1504.2173
1469.4968
1224.7224
1178.2945
1173.5012
1165.1827
1155.6044
1149.5594
625.6843
618.70558
615.28494
605.69075
594.13263
579.0025
570.17722
549.37239
527.40243
347.99136
323.29202
304.94974
288.11994
271.33962
255.73996
241.48793
227.71973
214.57135
202.24502
190.44724
175.54982
158.57115
145.68024
133.994
117.03276
110.94321
106.55437
103.73134
96.238088
89.761803
83.435139
77.066274
70.514464
63.591773
56.105217
47.89848
38.785613
28.954153
18.57096
7.2842358
3706.2698
3706.901
3708.8254
3712.0557
3717.4378
3726.1012
3738.0727
3754.7585
3480.5028
3492.2239
3506.6143
3520.2606
3532.6285
3542.4808
3549.2863
3553.209
3555.317
3557.1322
3559.5982
3561.0659
3556.7475
2656.4195
2688.6439
2722.6424
2748.5961
2770.6948
2788.6066
2803.4027
2814.9423
2824.0889
2830.5003
2842.171
2857.2896
2875.1955
2901.4188
2909.7001
3019.7843
3037.5606
3063.5127
3087.9681
3111.5339
3134.441
3157.8624
3180.9433
3203.9567
3226.0919
3245.6217
3261.5411
3273.6852
3282.4485
3295.6517
3543.9511
3541.9441
3538.4458
3530.9387
3519.2829
3507.46
3494.6738
3481.7988
3468.3698
3453.4652
3435.4916
3414.1572
3386.3766
3346.111
3277.7502
3153.6354
3003.7862
2821.1244
2637.3439
2523.8919
2452.507
2390.2178
2333.6819
2277.4996
2230.1324
2195.9145
2172.2847
2145.7328
2127.9512
2121.0257
2116.2356
2108.9652
2098.7908
2091.1438
2081.2865
2061.9792
2041.9444
2017.5818
1988.6032
1956.1507
1927.7073
1877.2084
1826.1436
1775.4873
1746.6054
1710.9719
1678.2308
1651.8243
1629.0006
1609.7293
1589.2739
1569.3021
1549.8723
1533.2243
1514.0194
1492.2766
1467.9996
1435.9744
1412.82
1368.3278
1239.769
1227.6638
1214.5466
1203.6453
1184.3463
1175.7905
1170.5412
1164.0992
1156.5026
641.60109
632.5411
629.40802
617.07391
604.48768
591.24494
585.96032
568.82973
282.18338
268.23393
254.28055
238.47453
223.73057
210.1522
197.84615
184.49198
169.01705
157.71398
143.60355
133.85372
125.68918
113.00457
103.61876
98.185984
90.970597
84.438447
78.152222
71.885668
65.47345
58.732815
51.484219
43.549945
34.781334
25.643219
15.990435
5.4426212
3700.8087
3702.3004
3704.2448
3706.5888
3709.8226
3713.7831
3717.8245
3713.9138
3673.792
3388.5157
3466.0008
3450.5965
3482.4792
3492.054
3506.7845
3520.889
3533.3156
3543.4608
3550.3176
3553.2554
3554.1593
3557.4031
3559.6909
3562.2366
2703.9308
2722.5977
2745.5471
2766.6379
2784.8437
2800.1224
2816.0182
2821.7837
2824.7479
2836.4913
2850.9028
2860.7192
2886.8677
3018.2676
3033.6424
3056.8381
3078.1057
3098.7149
3119.3512
3140.2357
3161.5585
3182.3168
3201.9709
3218.3255
3230.7488
3239.7746
3246.8982
3255.5439
3536.2251
3530.8987
3524.1116
3509.0733
3497.6136
3480.2679
3465.7609
3452.3102
3438.5598
3422.4137
3401.6946
3374.1786
3335.6899
3277.7101
3191.4838
3064.798
2918.9878
2766.3943
2617.7636
2476.571
2339.743
2269.1531
2147.2895
2136.5018
2151.4
2130.7305
2109.9395
2099.414
2098.8529
2098.6607
2098.7526
2098.4698
2095.8993
2089.7411
2075.6178
2057.9801
2043.9955
2014.3816
1987.5737
1667.6825
1648.9607
1622.2888
1604.0131
1581.7114
1562.304
1539.9627
1525.2063
1504.3974
1484.6982
1462.6853
1434.5412
1394.1769
1358.7328
1329.1413
1293.6257
1264.1321
1244.0645
1230.7685
1215.911
1206.2002
1185.4702
1179.3505
1171.7441
1165.1022
1163.4824
673.89785
657.16767
650.31563
641.6999
629.306
616.43487
608.84877
602.48351
247.82025
234.0162
223.14507
211.66212
195.39604
181.10445
166.46403
157.30495
145.76204
133.61482
115.38868
108.56784
101.23135
94.367356
85.601545
78.263727
71.729046
65.543874
59.394697
53.021362
46.194037
38.693601
30.428561
22.497895
13.966759
3.8333546
3694.9219
3697.1807
3699.0552
3700.0515
3700.148
3697.9604
3687.9464
3656.7879
3567.726
3522.3932
3483.5596
3478.4256
3483.2742
3491.2335
3499.7547
3511.8403
3524.9669
3536.6371
3547.1173
3553.2562
3554.844
3551.3099
3565.1637
3556.0606
2704.2379
2720.7957
2739.7339
2757.7346
2775.1534
2791.9983
2813.7311
2837.6392
3032.3445
3048.5051
3065.373
3083.2698
3102.1042
3121.4561
3140.9184
3160.4333
3178.3497
3192.0504
3201.1229
3206.4917
3210.3603
3210.8585
3524.1791
3506.7151
3489.2542
3462.8914
3447.2414
3435.0819
3423.5105
3410.9323
3394.9179
3372.0557
3340.2971
3294.2407
3226.5874
3129.2113
3007.6079
2807.8917
2723.2325
2520.2275
2420.539
2021.9356
2080.1805
2096.5991
2067.6022
2075.5925
2079.5861
2081.1589
2083.8644
2089.1006
2093.921
2093.4917
2085.6597
2081.0886
2060.0479
1595.9017
1571.7086
1555.9714
1527.3927
1519.0348
1493.8254
1472.5798
1447.9872
1427.5978
1392.5118
1347.2213
1315.0754
1286.3052
1264.7463
1246.7602
1224.4941
1212.6599
1201.5598
1187.0465
1179.4703
1169.6097
1161.1021
1150.7013
1149.4864
697.54915
688.6546
671.90283
665.35512
654.77848
642.39796
630.89008
625.14216
635.58169
206.49111
194.14244
181.78131
169.87083
157.39699
145.22018
130.07214
119.18804
106.94747
96.41831
85.787373
77.506962
70.197481
63.804113
57.979424
52.359898
46.603308
40.447405
33.716071
26.69451
19.594769
11.460309
2.0110755
3689.3454
3692.3073
3694.0667
3693.7391
3690.7855
3682.8496
3664.5124
3629.3155
3578.4976
3522.0361
3480.0977
3476.0193
3484.339
3492.9217
3502.4033
3514.7125
3528.0751
3540.5613
3552.7641
3554.0352
3560.1167
3546.2504
2713.6643
2715.3321
2731.1366
2745.3065
2760.4181
2775.2634
2792.4773
2815.8225
3026.9405
3034.6928
3049.0129
3065.5066
3083.3712
3101.9763
3120.782
3139.995
3157.0227
3168.718
3174.3785
3174.1056
3169.9759
3162.6868
3471.0234
3430.821
3423.2502
3414.8193
3406.7785
3398.7698
3388.8271
3373.7409
3350.7132
3316.0377
3265.3399
3201.0389
3127.2541
2994.3206
2038.343
2064.8973
2074.9512
2059.185
2061.4284
2068.4885
2075.8015
2084.6709
2091.9733
2094.1701
2105.0657
2101.1249
1557.3199
1548.69
1505.8193
1517.7457
1483.8982
1469.9066
1447.9499
1421.4767
1379.5632
1346.8359
1316.0168
1282.8103
1261.998
1232.9543
1228.951
1215.438
1197.8409
1189.4696
1175.8555
1164.5924
1153.7196
1142.06
1133.7588
1112.6889
753.46342
735.85904
720.9326
700.80849
689.74493
678.65267
667.52621
654.98476
642.73613
631.29652
607.00637
124.48438
111.79292
99.286002
86.124971
73.612595
67.011869
60.264204
54.402048
49.320244
44.562881
39.701179
34.451879
28.665971
22.821457
16.636773
9.163427
-0.040674329
3684.7519
3688.1667
3689.4536
3687.0483
3679.3283
3662.3063
3631.5818
3586.6386
3533.9714
3494.9311
3473.7466
3471.7587
3479.3319
3487.5107
3497.517
3511.0367
3527.2559
3543.6849
3565.9136
3582.8505
2709.1927
2717.9289
2730.3534
2744.1041
2757.2335
2770.8604
2789.7525
3012.5977
3017.9369
3028.9825
3045.7217
3063.7042
3082.5934
3101.9357
3122.3216
3140.0071
3150.7768
3154.5163
3149.7011
3136.5741
3130.2465
3108.0194
3399.9635
3393.1309
3389.9304
3387.338
3384.9887
3381.5414
3373.7796
3357.6441
3333.9089
3281.3816
3257.9567
3195.7806
2084.9012
2057.1223
2047.6058
2052.1605
2060.8244
2070.2112
2080.7647
2079.2623
2121.0793
1547.5781
1477.4757
1531.9195
1472.2669
1473.2493
1452.0708
1434.9022
1328.8108
1302.9164
1273.1801
1255.0654
1238.6031
1216.9644
1205.7105
1193.1401
1185.1007
1171.427
1159.0374
1146.3186
1132.0796
1117.0132
1088.876
1087.712
1048.1809
1030.4158
993.4589
963.32248
941.45091
915.60786
890.00288
864.23299
838.35854
813.39851
789.8841
765.028
739.33012
722.30902
707.71243
702.05256
690.5645
678.99086
667.05688
656.67547
650.47458
678.78466
75.510473
60.737103
53.519377
48.813963
44.047147
40.069167
36.446147
32.682167
28.58008
24.103087
19.184796
13.703469
7.13696
-2.4237548
3681.824
3685.2551
3685.5224
3680.0251
3665.3309
3636.0872
3593.5048
3536.3834
3484.06
3456.7894
3450.3639
3456.675
3466.6219
3475.0377
3485.5908
3500.055
3517.3411
3534.3569
3555.6279
2691.0385
2703.8374
2714.379
2728.0779
2739.3598
2750.4933
2764.5779
2996.5225
2996.3017
3006.385
3023.3313
3042.1395
3059.6497
3083.4293
3108.1173
3128.9098
3139.399
3141.9704
3134.2415
3122.6182
3114.1173
3082.4882
3346.1848
3357.8136
3361.4256
3365.3944
3369.9091
3373.8304
3374.7654
3360.8362
3372.5413
3321.7721
2048.4103
2023.497
2033.6909
2042.2054
2049.3014
2058.6191
2083.7309
1459.8755
1501.3609
1464.9688
1476.0385
1261.0041
1241.9503
1218.1985
1213.4653
1201.4699
1193.7716
1179.0457
1165.5787
1153.0509
1140.7227
1126.7389
1116.2496
1106.4685
1067.1872
1048.3097
1026.8188
997.08257
969.23525
941.91258
915.80893
889.91987
864.20272
838.27416
811.45319
787.16638
764.40078
744.36526
732.01393
711.26248
704.74841
699.67185
687.29736
674.58827
660.20822
645.29176
621.79633
40.767424
37.163816
37.507773
33.630421
30.883667
28.576886
25.998384
23.100359
19.80647
15.756251
11.081242
5.7356029
-5.2679434
3681.2129
3684.2723
3683.473
3675.6113
3657.5738
3625.803
3575.5309
3469.4465
3406.8103
3413.0044
3422.6113
3437.151
3449.6619
3458.0333
3466.6609
3480.1665
3495.1843
3504.8113
3517.357
3511.5423
2681.2938
2691.0813
2703.0758
2711.1791
2721.0252
2728.1112
2729.2895
2722.4635
2702.0083
2968.7181
2984.9426
2988.8752
3007.7392
3023.6656
3048.8919
3071.8322
3094.0468
3121.6633
3135.6179
3134.4235
3122.2595
3100.9627
3088.836
3059.1499
3037.0641
3017.0043
3303.5766
3318.9885
3332.423
3343.5368
3355.3348
3365.937
3371.9648
3368.7243
2028.1128
2019.5502
2021.1349
2022.4796
2021.5108
2013.018
1469.0346
1504.7361
1482.8011
1487.1999
1479.8927
1227.8197
1215.2672
1206.1734
1192.1026
1186.0975
1171.4515
1157.7763
1145.3573
1134.9994
1119.0079
1098.5828
1082.3019
1070.3553
1044.8773
1018.2201
995.44704
967.92313
940.89155
915.12673
889.86982
864.57324
839.15639
813.71767
789.2325
765.46119
743.52329
730.44531
718.77774
707.83194
700.27598
692.98719
680.09959
662.25459
645.21401
624.07879
627.98218
586.10397
31.780081
27.355977
25.376075
22.694813
21.943008
21.390184
20.249216
18.475099
15.97811
12.569085
8.7411953
5.1084501
-9.517768
3683.1619
3685.622
3684.2886
3677.1168
3665.3752
3645.1171
3616.3036
3570.9918
3210.5112
3357.7083
3390.1561
3418.6663
3436.5738
3441.5009
3444.8972
3453.1855
3465.0306
3470.9277
3472.1696
3470.9824
2649.6365
2675.37
2687.3529
2695.8063
2703.7051
2709.1052
2708.7308
2698.8446
2680.4528
2676.9741
2658.0643
2926.5301
2942.3962
2968.8506
2996.3582
3013.1429
3026.3704
3057.4967
3080.066
3047.9714
3020.0764
2996.2704
2975.6331
3276.5989
3294.0626
3304.6657
3324.9035
3344.4499
3362.5367
3370.317
2015.3591
2000.4033
1998.5775
1994.3595
1984.325
1925.5164
1481.225
1493.7462
1456.2407
1501.4507
1464.7367
1200.9487
1188.4189
1179.6761
1175.8849
1161.7979
1147.5053
1134.1967
1124.5263
1116.6918
1102.8411
1091.8376
1060.3741
1047.8399
1030.1115
707.3818
703.01062
687.37076
659.19985
641.41164
606.56957
590.51035
576.37728
572.73307
0.55656125
9.2449266
12.209315
12.708232
14.350898
15.311474
15.272211
14.518738
12.735653
9.8786603
6.6143281
4.7710782
-13.476669
3687.3559
3689.0572
3687.7257
3682.846
3673.2142
3658.2748
3648.6591
3675.7393
3382.9268
3405.998
3424.8892
3444.3393
3426.6761
3426.2357
3432.0232
3439.8757
3442.4716
3440.1966
3442.497
3395.9646
2633.9619
2653.6982
2666.1349
2675.4721
2683.5098
2688.826
2688.741
2681.0817
2668.1295
2649.8199
2624.1821
2610.2418
2575.2733
2570.6725
2843.5033
2886.1363
2897.665
2952.5737
2959.1169
2986.4908
3001.0684
2977.0565
2958.324
2939.0276
2918.7628
2905.6914
3222.5705
3244.438
3272.6072
3287.2487
3307.2016
3329.3638
2002.708
1977.76
1974.0354
1969.1144
1963.2175
1913.1459
1493.1073
1490.9997
1496.3055
1467.7278
1490.6412
1189.0661
1183.32
1169.3659
1166.8337
1153.0233
1137.0905
1127.1409
1126.6379
617.4847
577.83365
567.07479
559.74187
550.92476
528.91449
-11.544936
-4.7569253
0.50979115
4.7313268
8.2303716
10.501001
11.58488
11.592589
10.379123
7.948027
5.0250514
3.8817791
-11.548114
3693.3656
3694.4273
3693.4908
3688.8397
3679.1131
3667.2223
3655.2178
3646.8547
3411.3696
3444.2399
3398.6054
3406.3772
3420.2479
3421.2509
3410.975
3387.1725
3333.8213
3279.3027
3259.4375
3255.3399
3252.3268
3248.1702
3238.9327
3240.2212
2599.2079
2627.3203
2641.5583
2653.716
2662.0347
2665.8851
2665.603
2660.4756
2647.4892
2629.9341
2611.1945
2591.9033
2569.8953
2549.0036
2536.5449
2503.8102
2499.1047
2743.199
2795.5283
2842.2831
2873.209
2918.506
2960.1176
2944.5893
2924.161
2909.8238
2900.0357
2893.168
2883.087
3186.7158
3212.2149
3243.5296
3260.2657
1959.9982
1952.7001
1959.8597
1960.3513
1954.3556
1940.215
1935.6428
1493.8831
1492.2708
1486.7217
1475.688
1492.9129
1165.7187
1155.7596
1156.8544
1144.7013
1129.5255
1116.5653
529.27238
533.02139
542.58602
537.76227
524.7056
505.44763
-31.112502
-21.407238
-14.148583
-8.3605349
-1.4074388
3.7225188
6.9644663
9.1114788
9.7351009
8.9318516
6.8518962
4.1300478
2.3493471
-7.7104667
3700.9689
3701.6295
3700.6155
3696.1321
3688.1456
3679.3989
3666.4223
3402.5251
3409.1619
3408.957
3397.2817
3374.0668
3340.6221
3304.1359
3281.1368
3267.3452
3256.8255
3245.8512
3233.6118
3216.2158
3208.3115
3172.6564
2528.2989
2590.2027
2608.151
2618.6347
2630.5343
2638.9674
2643.456
2645.8336
2642.4142
2627.7668
2609.6966
2594.9917
2581.4904
2564.3541
2543.1996
2519.3645
2497.1102
2475.117
2458.957
2441.9755
2426.6983
2415.7418
2414.1735
2421.4844
2436.1752
2455.8066
2484.272
2518.0283
2552.9749
2589.1187
2654.8554
2703.1894
2757.8198
2808.6737
2849.5391
2926.8377
2911.3594
2897.934
2887.4628
2880.1598
2876.4191
2876.0023
2878.7385
3084.2119
3136.5703
3186.2341
3220.8924
1928.5359
1939.9457
1953.2391
1959.864
1960.0338
1953.1886
1950.9955
1961.7334
1495.5561
1493.9414
1490.7861
1482.0087
1471.2774
1475.7629
1137.4366
1145.934
1142.8814
1138.6272
1111.0022
525.486
536.7845
533.3515
522.42096
499.97255
512.49549
471.2344
-38.450215
-29.17063
-21.443331
-12.250567
-4.0189274
1.65199
5.8383826
8.2370885
9.0038939
8.3220342
6.3870034
3.6968094
0.94157147
-4.6130046
3709.488
3709.5314
3708.3536
3704.8111
3698.9235
3693.4315
3688.7578
3372.1364
3401.2649
3405.4403
3395.9834
3376.1102
3348.5786
3320.4626
3295.5038
3276.3455
3259.6969
3242.6254
3224.2477
3202.2091
3170.2559
3118.781
3084.405
3005.9679
2507.7291
2528.986
2557.5261
2581.4435
2593.4026
2596.6373
2608.9051
2617.598
2625.2756
2633.0713
2638.9142
2617.051
2581.7
2577.8099
2577.6789
2561.5965
2535.2303
2510.5743
2492.5876
2474.0188
2454.6003
2438.9982
2428.4528
2423.8733
2426.4457
2435.4874
2449.1535
2468.7094
2488.7291
2509.9571
2535.6135
2610.8791
2626.0751
2659.4022
2718.6872
2891.7094
2881.7676
2872.0059
2865.9968
2864.0421
2869.3589
2884.0031
2907.085
2960.6959
3032.8949
3095.9759
1920.5528
1944.2871
1955.5008
1964.6995
1969.8603
1968.6384
1965.6294
1981.2026
1500.815
1496.6478
1487.8909
1477.3439
1468.8695
1471.2176
1126.9429
1140.9339
1142.5426
1127.8767
532.87797
519.37308
523.11148
520.99249
504.75306
488.87362
454.33179
450.4491
435.67696
-44.51126
-49.297997
-35.227868
-23.251645
-12.30742
-3.4099488
2.6668101
6.3514712
8.5535132
9.2330953
8.374818
6.3604286
3.7075891
0.83330909
-1.7200341
3718.1282
3717.6351
3716.5201
3713.8491
3709.567
3705.8492
3702.9683
3409.3939
3405.1811
3407.0607
3397.6018
3380.2724
3356.0453
3330.7671
3306.7323
3285.4985
3262.5981
3238.1175
3212.9885
3184.6737
3146.0112
3091.8897
3014.5969
2897.0793
2789.2811
2681.4341
2609.6569
2562.5695
2528.9326
2506.0562
2523.1449
2545.8148
2562.9633
2572.572
2580.8343
2563.5876
2593.9915
2604.4654
2613.2671
2647.1178
2557.7881
2584.6568
2558.1844
2518.453
2500.258
2489.5946
2468.6241
2448.1335
2435.852
2429.0943
2426.3703
2429.2826
2437.7365
2449.8457
2465.1788
2485.2784
2516.2621
2496.947
2505.9254
2583.9558
2637.5542
2873.9658
2858.3367
2851.9885
2847.3151
2845.9334
2849.1118
2857.6924
2878.3372
2922.4668
2593.7101
2581.0887
1926.1546
1959.2277
1964.5957
1971.2749
1976.0612
1976.2076
1974.8286
1984.6394
1513.6205
1506.2683
1497.535
1486.6563
1475.5755
1469.823
1468.5557
1141.3973
1150.9789
1153.7468
1154.1769
521.90566
548.05481
537.54734
519.17593
503.99311
481.34977
456.56698
437.19575
424.46715
391.90588
-120.1609
-79.496908
-59.688161
-51.276886
-34.129208
-19.3421
-8.5672262
-0.27796051
5.1825581
8.1534059
9.9254655
10.03713
8.6801526
6.4483078
3.9068709
1.152023
0.27191709
3726.5583
3725.6586
3724.6755
3722.8137
3719.8287
3717.201
3714.9534
3366.8747
3398.4775
3403.6463
3395.4649
3380.2102
3359.9558
3337.6536
3316.7131
3296.3861
3267.0939
3235.3369
3206.081
3174.1651
3132.5343
3076.9759
3003.4027
2909.4615
2796.5882
2687.9956
2611.4755
2573.1343
2552.5583
2543.4909
2548.9159
2564.4625
2579.4838
2566.3973
2603.0004
2553.9833
2481.4101
2488.137
2447.5383
2434.3978
2429.4584
2427.4614
2421.6113
2422.8822
2430.6385
2441.2951
2453.3679
2466.9248
2484.5024
2495.2283
2589.1207
2593.3417
2831.024
2828.6612
2825.1618
2823.2178
2823.1881
2824.8993
2828.3005
2687.0433
2667.9971
2644.6002
2622.0707
2599.5875
2574.0269
2552.0018
2529.6759
2507.4691
2484.879
2464.6585
1990.8577
1978.2377
1980.1202
1979.6606
1980.3934
1980.4764
1977.6434
1972.8904
1973.4463
1527.6413
1515.938
1500.3935
1485.726
1472.934
1464.2713
1458.479
1166.9496
1165.2121
1167.7188
1178.5627
531.18957
522.85404
530.18272
529.91099
505.84182
476.26349
444.8041
415.88205
386.9258
334.29097
323.451
282.26584
-30.762972
-54.121763
-33.716884
-69.3132
-56.471915
-37.764318
-23.679092
-12.617184
-3.3543274
4.2481587
8.4599537
10.000428
10.88406
10.416518
8.5958086
6.2349288
3.8267877
0.69019549
3.2405602
3734.2272
3732.999
3732.2695
3731.3352
3729.6897
3728.1763
3727.4019
3393.0249
3396.7589
3396.1161
3387.965
3375.6063
3358.9906
3339.7552
3320.2905
3297.3907
3269.4662
3232.2431
3205.2809
3176.0674
3136.4694
3082.7233
3008.5038
2905.0155
2772.3977
2635.6705
2591.0559
2561.5277
2550.4556
2552.8254
2562.3596
2581.9568
2616.5843
2608.9961
2415.7068
2403.3287
2425.8597
2412.4174
2413.2307
2419.277
2427.3634
2437.1904
2447.9553
2458.9693
2467.1282
2445.9925
2460.6891
2806.412
2804.792
2801.5362
2798.7427
2795.0254
2787.4201
2778.7672
2738.5851
2701.1643
2670.4448
2645.037
2620.9558
2597.7144
2576.4077
2553.5377
2529.8128
2506.3306
2482.1684
2454.5131
2429.029
2400.5586
2373.1984
2352.6813
2056.8702
2034.6949
2016.8173
2003.0251
1998.5612
1993.9003
1989.5539
1984.5134
1976.9988
1966.3062
1954.7178
1573.6733
1546.1264
1523.7824
1502.2235
1483.0368
1466.6516
1453.6614
1442.6876
1434.9698
1190.1239
1178.7062
1179.3978
1193.0982
521.29172
530.93739
522.60019
525.48294
513.69911
488.1968
455.76379
420.64771
386.28006
357.01658
325.18626
296.61464
261.32861
235.27344
208.52533
193.93028
173.80376
138.44656
68.024246
-0.089428095
-16.397456
-50.824084
-64.168012
-55.976942
-31.023693
-13.888588
-4.2431583
3.5537555
9.0377503
10.864785
10.930342
11.042183
9.7176362
7.6072824
5.4281843
4.0781047
-0.43847263
6.3999729
3740.5015
3739.0636
3738.8036
3739.0795
3739.0973
3739.1015
3740.9327
3377.7643
3391.0804
3387.9131
3390.34
3380.8282
3365.0795
3340.0996
3315.3362
3346.2503
2485.3391
2531.8707
2531.7347
2543.3961
2549.7726
2562.8448
2609.1767
2407.7602
2399.4314
2400.3042
2406.1363
2413.012
2420.856
2430.8504
2443.6214
2455.9965
2453.2715
2438.071
2780.0031
2778.8605
2777.4323
2775.2254
2770.8345
2762.9345
2750.0407
2726.9637
2697.9266
2671.2085
2646.4055
2622.416
2598.9317
2576.0391
2552.4547
2527.621
2503.2942
2478.547
2452.8231
2425.8676
2398.5412
2369.2651
2342.0406
2311.8359
2286.2049
2265.6048
2239.3955
2215.6137
2192.4439
2167.3926
2140.9168
2111.0414
2081.0763
2057.3131
2034.1912
2022.5188
2014.1882
2006.3923
1998.6588
1989.8601
1978.2931
1961.8214
1936.0951
1901.9144
1872.8315
1843.8424
1822.6842
1783.2301
1749.9083
1706.5886
1659.3392
1601.8662
1561.9565
1529.7997
1501.5107
1477.6116
1457.2964
1441.0182
1428.7634
1417.7648
1206.1757
1182.1387
1184.0332
1183.7502
1196.3789
529.24778
539.31262
531.22372
522.00107
502.46423
469.89694
434.37379
389.02911
349.56755
326.75455
303.79078
283.48444
264.09303
243.90569
222.01177
205.11512
185.06065
150.09203
95.391066
25.483086
-10.157076
-44.689948
-67.433938
-57.758856
-29.563915
-10.938469
-1.9619268
4.2968635
8.2734509
8.8628768
9.0013613
8.6149345
7.0670543
5.1972895
3.6356251
3.0473191
-0.7671141
8.4624865
3744.6771
3743.2087
3743.7067
3745.6726
3748.1103
3750.5974
3756.4264
3392.1937
3393.9852
3399.2843
3387.8632
2464.0854
2493.5513
2520.714
2530.8895
2534.1384
2573.4617
2588.2749
2391.4158
2388.387
2390.6677
2395.2825
2402.2774
2410.1885
2418.8446
2425.7549
2422.9614
2423.5554
2394.5606
2751.6453
2752.1407
2754.0224
2753.6455
2750.0691
2743.2119
2731.7791
2714.7256
2693.2107
2670.2881
2646.9659
2623.3656
2599.725
2576.3159
2552.2429
2525.0854
2500.3923
2475.1462
2448.8321
2421.6618
2394.1358
2366.2665
2338.8371
2309.6355
2283.3349
2260.1147
2240.1407
2213.7628
2189.528
2168.0897
2145.7794
2113.7559
2087.1587
2067.7897
2050.5247
2037.8899
2027.6472
2018.0556
2008.4166
1997.9933
1985.7164
1969.826
1948.6898
1920.0561
1887.1985
1854.5698
1825.2439
1786.9567
1750.6895
1707.8625
1662.6732
1615.0199
1571.9734
1531.8201
1496.566
1468.4238
1443.919
1423.7748
1406.6781
1394.3208
1245.5246
1238.8659
1227.7981
1228.5778
1213.6196
1220.5777
1210.2783
1189.2408
1183.3935
1181.3403
1189.2898
561.34567
540.46962
547.09695
541.27941
526.59888
502.13942
451.78383
432.86415
355.75645
283.75956
298.31393
280.75189
273.3775
267.47227
257.42313
240.9125
224.80923
212.64973
181.38534
125.93805
16.761327
-36.121795
-88.635815
-71.969664
-63.33199
-40.079413
-21.083317
-9.80585
-2.6407773
1.3377879
3.0088522
3.8792643
3.4966361
2.3874451
1.2437951
0.60786002
0.95537645
-1.2724811
9.284685
3746.0456
3744.8537
3746.476
3750.7184
3756.4924
3762.8888
3774.307
3408.4673
3406.7107
3403.5352
2501.5882
2514.1816
2524.0189
2532.9721
2548.1117
2558.567
2381.6229
2377.9932
2377.6537
2380.2614
2386.1293
2391.247
2394.5983
2394.5531
2389.5177
2389.7815
2724.3343
2726.7635
2732.7393
2734.8484
2732.9723
2728.2058
2719.291
2706.5432
2689.6684
2669.7343
2647.8226
2624.3681
2600.3111
2577.0588
2553.4854
2523.3132
2498.1531
2472.8373
2445.7052
2417.8057
2389.6315
2361.3801
2333.8803
2306.3692
2282.5176
2257.7134
2234.1436
2216.0774
2190.9062
2171.66
2146.4962
2123.6222
2098.2565
2079.4035
2063.5187
2050.76
2039.7572
2029.1884
2018.4626
2007.2968
1994.8828
1979.2829
1959.1268
1932.0585
1899.3338
1861.6383
1830.4239
1795.0792
1757.0087
1714.4361
1668.0771
1618.5994
1573.5448
1533.5024
1494.2844
1456.3405
1426.2141
1403.6392
1380.1865
1365.5655
1346.6782
1258.6178
1247.8714
1239.0857
1232.8719
1222.2852
1209.4146
1202.8256
1194.9515
1184.0358
1176.8884
1172.8117
1174.431
863.55889
862.53468
857.44782
855.56991
848.16601
853.96407
630.94279
585.57176
590.76232
574.75132
568.0125
559.37078
546.01922
526.17322
494.2519
254.95064
258.20612
262.80777
266.30369
266.44115
262.24606
253.25469
247.56723
231.39299
190.42819
111.86373
-145.1953
-59.490147
-53.124852
-34.627374
-20.971423
-13.003748
-8.3978438
-5.478472
-4.0608049
-3.7853728
-3.9348698
-3.955108
-3.3392251
-1.9408085
-2.5162022
8.8454327
3743.9362
3743.5559
3746.6999
3753.6722
3763.5634
3775.982
3793.7521
3409.8625
3406.9864
3414.9363
3416.8102
2489.797
2508.5401
2518.2569
2526.9872
2534.9202
2544.9001
2526.5294
2367.9716
2362.3757
2358.3017
2362.1876
2366.8009
2369.6255
2371.7165
2367.3676
2369.1338
2698.789
2704.9759
2715.394
2719.7176
2718.9917
2716.998
2710.3488
2702.9942
2688.5323
2670.6798
2649.4176
2625.2133
2599.5847
2576.1975
2563.7615
2512.3933
2498.8685
2473.5165
2445.1458
2416.8843
2388.9368
2361.2189
2333.6325
2308.5227
2280.5891
2257.5724
2237.0049
2212.1085
2191.1992
2167.7245
2146.5272
2125.5894
2105.2776
2088.4125
2073.8847
2061.7135
2050.7164
2039.7736
2028.4332
2016.8191
2004.4054
1989.4064
1970.4223
1946.1097
1916.0871
1881.697
1842.9978
1801.1469
1758.3144
1720.9756
1685.017
1474.3397
1438.341
1409.7847
1384.5355
1355.8385
1333.1349
1315.5391
1269.7029
1250.8796
1237.5033
1221.8613
1216.4579
1209.8228
1197.0078
1186.3188
1175.8503
1166.6634
1159.2828
1161.1219
1117.5688
872.3712
865.98709
862.04669
856.28483
851.99427
843.78403
838.99175
836.31729
820.42919
800.55556
776.25881
747.09215
716.74472
687.25984
660.34094
649.45659
621.92449
608.94244
596.9334
589.11581
580.81047
572.63716
563.30533
244.39954
252.30247
261.9292
267.61058
271.82855
272.18868
274.84908
282.38221
276.99747
-36.095649
-31.898026
-26.794766
-21.94403
-18.185113
-15.469335
-13.780783
-12.677858
-11.669733
-10.408462
-8.5356079
-5.7743063
-4.354848
6.6746562
3737.5799
3738.3343
3742.7716
3752.0947
3766.5252
3786.5106
3809.1292
3413.2839
3414.3343
3422.3767
3428.9379
2508.3674
2505.9552
2513.6449
2519.1778
2523.1935
2523.823
2515.9109
2508.5469
2343.6988
2327.5757
2337.8438
2344.3682
2348.8996
2352.1687
2353.6503
2359.0772
2350.1071
2596.1126
2645.7109
2673.4784
2689.8869
2703.7124
2709.4589
2713.5249
2714.9049
2712.18
2707.2816
2272.2555
2253.5367
2231.2038
2206.7835
2186.8774
2170.8202
2144.873
2127.3741
2109.5794
2094.968
2081.9265
2070.7434
2060.3167
2049.7233
2038.4069
2026.7841
2014.862
2001.6899
1985.319
1964.2413
1936.6107
1897.4239
1856.4131
1829.7603
1386.4183
1366.0695
1342.2288
1318.9486
1279.6088
1267.1225
1250.101
1234.8291
1225.2362
1215.9984
1202.4963
1189.5689
1177.8632
1166.2287
1153.6201
1139.4632
1121.5849
1158.1673
1111.3901
883.52837
887.80457
878.4235
870.73123
860.49683
854.30447
849.17046
842.42016
836.83109
824.5249
808.45199
788.95428
767.09333
743.55536
719.66077
696.63308
675.49698
657.56172
638.84223
625.92387
616.26445
608.85855
600.75795
593.43121
260.98127
259.82988
265.71968
270.80927
276.13744
283.97787
293.44944
-33.217096
-33.163871
-30.71273
-28.043222
-25.759171
-23.943678
-22.229937
-20.195053
-17.574512
-14.139142
-9.8543987
-6.6784044
2.9593563
3727.0949
3729.2999
3734.5774
3745.1426
3763.6521
3788.6717
3805.4393
3873.8417
3378.042
3397.171
3415.0489
3430.0458
3443.4305
2496.1835
2505.6168
2509.4741
2513.347
2515.6329
2515.9096
2512.6607
2510.901
2510.6062
2314.6816
2315.6457
2322.5326
2328.9815
2333.7083
2336.1179
2333.6603
2317.8529
2310.1089
2331.563
2403.6447
2462.3911
2466.7142
2465.3571
2471.0038
2483.8193
2506.2052
2540.6992
2566.8101
2637.5527
2666.6998
2685.1247
2699.632
2706.4911
2196.0472
2178.6055
2159.1714
2144.0976
2129.7609
2112.1064
2099.1858
2087.1336
2077.6598
2068.7112
2059.0856
2048.316
2037.4896
2026.8834
2015.8668
2003.5502
1989.204
1967.1884
1935.0598
1346.363
1328.8682
1314.271
1313.4105
1254.3317
1235.5101
1226.1675
1219.2633
1205.6009
1192.821
1180.6413
1169.3581
1158.7043
1148.2187
1143.8126
1131.6484
1080.62
1072.9492
1063.67
1042.87
915.51107
916.90983
882.45905
868.99744
865.58824
859.60723
853.3252
846.72168
839.20043
830.57545
818.82269
803.1221
784.013
762.94186
741.79821
721.08061
701.53057
683.46303
667.62791
653.28563
642.32783
633.33104
624.47869
614.57025
246.41659
253.52212
260.71568
266.14985
272.0018
279.4187
290.97149
-36.612867
-40.724412
-38.002815
-36.09605
-34.279128
-31.926726
-28.777584
-24.762171
-19.917958
-13.520763
-8.3208727
-0.41846961
3714.1259
3718.3737
3724.3458
3733.6505
3749.2835
3767.1385
3780.3217
3784.7451
3328.5226
3367.634
3397.7494
3421.7461
3441.917
3463.4724
2506.2309
2505.845
2507.5422
2509.3844
2510.1916
2510.1962
2509.3238
2509.2288
2516.8545
2281.6011
2291.171
2301.2089
2310.3759
2316.9226
2321.7154
2323.7492
2322.55
2324.7957
2333.7838
2358.8864
2375.0869
2385.7598
2386.2076
2382.6924
2395.4239
2399.0511
2418.2679
2441.2697
2455.2798
2464.5571
2476.1049
2491.2188
2511.5664
2542.7896
2559.4816
2622.3854
2154.7049
2138.974
2127.172
2112.268
2101.1704
2088.5303
2081.6535
2075.5807
2067.7788
2058.8083
2048.7972
2038.0721
2029.1508
2022.292
2018.0775
2004.1441
1323.3704
1291.1381
1257.7948
1267.8375
1243.8082
1224.3985
1207.355
1193.8926
1181.7109
1170.3375
1159.6688
1148.9023
1137.1652
1127.6858
1113.7831
1123.3428
1074.4079
1051.6849
1023.0337
994.28774
964.62267
932.97247
875.5638
884.38067
887.51849
877.40617
863.44371
853.18761
844.66587
835.98659
825.9762
813.30446
796.69537
777.18816
757.41134
739.02488
721.4917
704.88303
689.69523
676.81296
664.99138
656.17563
644.86844
634.92993
255.63662
257.99295
261.05597
264.89127
270.22528
279.11631
-43.825833
-49.08973
-48.487029
-46.533182
-44.755361
-41.647624
-37.241179
-31.596156
-24.771602
-17.855042
-11.205564
-3.4503948
3699.6043
3706.1063
3711.9642
3716.7685
3722.2971
3722.0086
3709.698
3667.22
3583.9384
3387.1895
3289.8388
3373.61
3380.6787
3404.2816
3432.5381
3457.5346
3488.8548
2499.1192
2507.6232
2506.9433
2506.108
2505.154
2503.9735
2503.3927
2508.3734
2244.2731
2267.5808
2279.7809
2292.9906
2303.3379
2310.4339
2316.2554
2319.899
2321.5934
2330.6437
2347.2581
2363.8191
2373.9602
2379.3029
2384.1161
2393.0307
2402.2262
2415.926
2435.1495
2449.745
2460.2002
2472.121
2486.2277
2502.5265
2519.4118
2530.167
2538.7864
2503.8062
2486.149
2125.5686
2111.8908
2101.3092
2084.0226
2081.7952
2079.9821
2076.2487
2068.7687
2057.6618
2046.2804
2036.8594
2024.8711
2034.8427
1283.4561
1266.1935
1191.7348
1192.8409
1201.6853
1190.3514
1179.5643
1169.1603
1159.2978
1149.5449
1138.7962
1129.7532
1127.0581
1117.919
1091.1189
1076.2314
1053.1329
1021.0918
984.00194
946.27121
922.58255
945.85183
902.52834
870.97285
865.84024
858.22652
849.82108
841.43675
832.40937
821.60816
807.32539
789.05727
769.23832
750.63115
734.71199
719.45021
706.07772
692.81668
682.93567
668.61943
674.10948
649.21291
254.08379
256.68062
255.64941
256.44253
258.93811
264.31193
-57.388262
-60.632845
-56.8248
-55.143265
-51.126828
-45.313353
-38.120818
-29.907742
-21.423582
-13.346635
-6.1024423
3685.1056
3693.6804
3698.0837
3694.7862
3683.0279
3657.6537
3635.1607
3592.8795
3507.4779
3412.7453
3373.3569
3379.2366
3392.2179
3408.6301
3428.789
3450.2435
3475.7594
2502.6654
2497.4707
2503.6946
2503.4726
2502.5078
2499.6472
2496.528
2494.3591
2494.5236
2215.5277
2238.1868
2258.3423
2276.7437
2291.7167
2302.7868
2311.2526
2318.9199
2325.3725
2334.4986
2347.2009
2360.9348
2369.66
2373.4903
2378.3508
2386.9805
2397.4967
2410.0283
2426.0962
2439.3505
2451.1273
2463.0789
2475.8134
2487.4113
2496.42
2500.4039
2492.7141
2461.7141
2403.2634
2358.3558
2292.1889
2225.1885
2185.4811
2221.7414
2084.045
2058.4976
2077.7795
2082.5915
2081.4308
2075.2254
2064.5855
2051.5535
2040.071
2063.2852
1227.2775
1235.8838
1190.8132
1184.4786
1172.2233
1163.4042
1155.3549
1147.8585
1140.2478
1132.8246
1125.2505
970.8337
949.20434
929.60858
883.29262
877.00529
880.27033
870.6256
858.33546
847.53382
838.31447
828.64711
817.01667
800.69302
780.41346
759.83511
741.05707
729.09573
708.27669
706.72741
694.44834
689.02248
668.246
250.7381
245.59592
246.28431
246.45294
248.82195
-72.084739
-75.060796
-67.811975
-65.79627
-60.281946
-52.677405
-43.805618
-33.923607
-23.917583
-15.085521
-8.1981885
3672.6172
3682.2269
3681.7513
3664.1753
3628.4699
3581.1921
3547.6281
3494.3977
3437.3138
3392.0308
3367.1832
3363.057
3373.2182
3382.7997
3393.338
3396.4904
3382.6218
3239.8507
2501.185
2498.7958
2501.4581
2501.6816
2500.311
2494.2369
2488.3836
2483.2411
2475.9993
2186.0715
2216.5847
2238.2388
2261.5894
2280.4021
2295.3359
2307.393
2318.3246
2328.5836
2337.923
2349.4376
2360.0114
2365.684
2365.9839
2369.3562
2377.9683
2388.8911
2401.6446
2416.2198
2429.5165
2441.508
2453.1125
2463.6893
2471.6278
2475.6986
2473.8887
2462.2715
2436.4536
2396.2881
2346.3042
2285.3499
2227.7132
2185.6157
2128.3105
2077.0139
2029.703
1987.0182
1949.6684
1923.5146
1924.9462
1976.0674
2031.3129
2066.825
2081.7047
2083.6766
2078.3877
2067.4646
2049.2801
2030.4822
2066.6429
1172.8375
1164.066
1161.0646
1152.26
1146.4266
1141.3688
1136.6757
1131.1495
1128.269
909.69901
904.62671
888.92657
867.39012
862.21236
852.23575
843.64537
834.49945
824.17544
812.33123
793.53351
771.21679
748.04904
729.68834
726.53117
721.96039
244.76299
235.32767
232.58743
232.58006
-92.977757
-83.612256
-76.825081
-68.575981
-58.778145
-47.963802
-36.487722
-25.424476
-16.370885
-9.8725553
3664.6787
3672.6354
3662.7467
3625.0351
3566.8029
3503.0935
3451.5476
3399.2262
3372.6599
3357.1847
3345.8155
3344.8214
3350.8515
3351.7012
3347.9428
3338.6104
3306.4299
3213.5551
3243.1892
3144.9422
2508.7865
2499.8371
2498.0057
2501.2022
2500.7929
2495.0152
2487.8663
2479.8105
2472.56
2468.2895
2455.8326
2110.285
2161.1335
2190.7841
2218.0646
2245.9809
2268.3704
2286.5763
2302.2723
2316.3284
2329.6901
2342.016
2353.473
2361.3341
2362.3589
2355.8096
2357.9132
2366.1121
2378.3511
2392.5258
2407.1666
2421.5546
2433.9561
2444.9729
2453.6993
2459.1902
2460.2257
2455.7392
2443.054
2420.0759
2386.0215
2340.865
2287.5568
2233.8036
2182.9226
2135.6861
2079.5692
2021.9085
1972.3592
1943.1577
1939.9995
1950.9181
1960.5213
1964.7904
1962.6562
1965.2092
1968.5525
1982.0297
1927.0732
1922.9154
2016.541
2052.6033
2075.8174
2078.0236
2072.0056
2059.5124
2033.3892
2002.7762
2039.7711
1138.469
1132.0163
1131.2498
1129.4145
1128.1459
1128.4235
1127.4383
891.77882
881.49439
870.2368
858.67355
850.55218
840.97667
829.49169
818.34923
806.57802
785.89539
761.34518
733.92865
713.42881
723.81573
226.34863
215.82855
215.23343
213.29247
-107.52727
-96.801556
-86.279608
-75.065277
-62.696505
-49.662858
-37.201916
-26.103329
-17.193455
-11.114736
3664.6093
3668.4046
3651.1443
3603.2001
3533.8209
3420.625
3364.182
3335.5334
3333.2251
3323.3931
3305.0824
3319.1358
3328.9511
3327.6509
3316.5996
3300.0692
3267.9298
3215.0655
3190.7791
3121.5464
3167.4326
3052.038
2487.2609
2492.4482
2492.3704
2498.6092
2500.4691
2495.4054
2488.5903
2480.2742
2470.3577
2459.2415
2447.199
2431.3673
2411.7708
2080.9823
2105.7145
2141.3884
2170.9556
2201.4271
2231.2083
2256.0353
2277.1202
2295.7881
2313.0394
2329.6416
2345.6222
2358.6799
2363.9432
2356.8396
2341.7323
2341.0046
2352.5369
2367.3642
2383.8787
2400.4567
2416.0522
2429.6726
2440.444
2448.1487
2451.8007
2451.3083
2445.9514
2433.3235
2412.619
2382.6268
2342.4268
2292.8685
2238.1584
2179.7684
2120.3001
2055.4613
1992.8488
1941.4922
1916.276
1929.2822
1950.0676
1964.3688
1968.7597
1971.4054
1977.7708
1988.8886
1997.3925
1997.9337
2034.2836
1871.0785
1818.1377
1921.3931
1937.2469
1997.5264
2040.6804
2055.0917
2049.1223
2040.2596
2022.3885
1990.0464
1932.5927
1957.7717
1085.7221
1109.9739
1105.5191
1108.9844
1111.2928
1113.1527
1113.5704
865.08617
857.78016
844.89129
833.86874
821.59728
809.42333
798.23206
777.27399
752.131
712.57667
679.88901
210.22681
195.20895
191.07979
-118.92504
-107.52284
-93.08329
-78.562809
-63.2657
-48.366495
-36.692431
-26.489824
-17.295058
-11.817178
3674.3636
3675.4535
3662.7265
3620.9737
3549.7146
3376.4719
3307.1626
3330.3391
3300.5088
3293.2624
3281.3072
3245.849
3192.8325
3165.8032
3134.9121
3107.5487
3025.7319
3088.2721
2985.8073
2524.988
2498.9103
2510.1398
2493.5544
2497.6515
2497.4609
2494.007
2487.8142
2479.4518
2470.6689
2460.0081
2447.3884
2432.5124
2414.7939
2387.2076
2374.6414
2358.9985
2009.163
2022.6549
2082.5981
2138.8866
2181.6606
2215.4492
2243.2628
2267.2898
2289.3073
2310.3478
2330.5268
2350.6678
2368.1254
2373.8517
2339.2113
2285.0752
2296.5552
2331.2458
2357.1029
2378.9306
2398.8572
2416.9171
2432.6609
2445.596
2454.7296
2459.7293
2459.8299
2451.5358
2435.0798
2414.6307
2386.513
2346.9054
2296.4641
2238.32
2173.5646
2102.3818
2020.6342
1929.3197
1848.6619
1857.1732
1908.9246
1940.7813
1957.9253
1966.3899
1973.7097
1982.7036
1993.137
2005.1414
2010.6319
2038.6974
1783.4282
1816.8233
1791.0677
1854.8285
1824.5996
1861.0062
1900.3264
1938.6526
1971.7006
1979.9431
1985.1777
1970.325
1936.1743
1889.405
1776.9209
1761.6434
1042.7146
1059.3649
1078.3363
1081.9108
1088.1592
1093.1144
1097.4498
1103.0557
833.4327
825.37293
815.97027
801.40354
789.46537
771.98844
748.18214
656.52433
1072.7955
189.76885
172.42127
164.78581
-155.25116
-138.16218
-114.87021
-95.345789
-77.313562
-60.024522
-46.259502
-35.465222
-24.663803
-15.991622
-12.068263
3693.2356
3694.465
3683.6813
3649.0809
3602.3565
3579.2377
3295.7581
3284.0617
3217.7402
3158.6763
3135.171
3103.3751
3068.4593
3034.413
3027.5877
2971.7226
3017.5645
2927.1301
2551.7696
2543.4861
2527.3159
2514.6109
2501.6611
2496.1042
2492.6852
2485.6175
2478.213
2468.6191
2459.129
2448.5015
2436.577
2422.1154
2405.1058
2384.736
2364.9833
2342.1986
2323.5559
2291.4013
2260.239
2262.888
1853.3746
1934.9825
1974.6183
2001.0926
2055.4557
2113.8191
2161.4238
2199.3906
2230.5158
2257.66
2283.0225
2307.7729
2333.3297
2361.0045
2388.7257
2412.7757
2425.6818
1808.4032
1898.5239
1937.1937
1955.7345
1966.1327
1973.5848
1981.3728
1990.5598
2001.2575
2013.2117
2047.5896
2082.4989
1668.3244
1712.6616
1770.9891
1771.8234
1771.0352
1775.2194
1777.494
1790.6683
1809.399
1822.1725
1836.4183
1861.4573
1875.0624
1851.0505
1786.0479
1683.5651
1438.2003
943.16313
1016.6972
1039.2984
1049.4259
1060.839
1069.6028
1075.6247
1079.8906
1087.954
809.29472
797.39724
783.63839
773.37241
784.58421
827.5248
1142.8054
1098.6023
1092.0944
1079.9192
1118.7088
160.80511
152.95585
146.6979
166.99047
-187.57006
-141.88618
-129.51375
-109.45877
-88.519198
-70.053822
-54.422781
-42.273185
-31.182275
-21.116349
-14.180063
-11.9198
3716.2884
3715.0543
3705.5682
3684.02
3654.0646
3672.425
3150.6497
3090.0591
3076.6776
3034.2552
3018.9628
3002.5276
2984.7393
2975.8383
2915.8892
2930.5403
2889.3127
2793.292
2662.2796
2629.7473
2578.1255
2546.125
2521.299
2499.6769
2489.0988
2482.4784
2473.858
2465.832
2456.7516
2446.1859
2436.8192
2426.8903
2414.1249
2398.4051
2380.5706
2360.8141
2338.7137
2313.8225
2285.3621
2258.7906
2231.0993
2205.7679
2146.4597
2130.6702
1692.72
1783.5209
1860.2265
1904.512
1932.1526
1967.4313
2027.5284
2089.5648
2141.3175
2181.9182
2216.1347
2246.9554
2276.0013
2304.6858
2335.7626
2369.2324
2401.7228
2431.4715
2460.938
1782.4925
1901.5501
1936.2741
1954.427
1966.0154
1973.1265
1978.2108
1983.1651
1986.7242
1982.0928
1947.0926
1850.3645
1723.093
1602.9828
1589.1066
1660.5531
1714.5726
1741.6311
1728.381
1690.1527
1684.734
1696.9419
1709.031
1709.4406
1707.0942
1713.8993
1728.5298
1725.9493
1686.8156
1590.3632
1421.874
1088.102
488.06135
-416.92457
992.21585
1005.5706
1023.0792
1032.1607
1044.2345
1053.3986
1059.2567
1059.8473
1070.7436
763.41948
767.67142
754.35055
806.3852
876.82703
987.34646
1054.3195
1067.128
1078.8784
1073.3445
1087.6871
1053.899
81.118429
117.98894
126.13439
159.46928
-147.17517
-72.227471
-56.686184
-71.478122
-98.395651
-133.29744
-140.94367
-130.18764
-113.15865
-93.112967
-74.695141
-59.46875
-46.245999
-34.732798
-25.02384
-17.213902
-12.162267
-11.245699
3738.9269
3736.1892
3729.3294
3716.9854
3699.2506
3722.2027
3003.5525
2995.1985
3014.5761
2985.1021
2983.9417
2978.5778
2953.9503
2927.5471
2887.1604
2823.7511
2745.4391
2665.8375
2593.6046
2544.8153
2513.1584
2490.2801
2478.8004
2470.0563
2460.2884
2452.2272
2443.4296
2433.1457
2426.6626
2418.8687
2407.951
2394.1476
2378.1878
2359.985
2338.288
2312.9949
2284.7054
2255.1783
2222.5893
2178.8193
2122.5297
2055.0719
1984.982
1887.2685
1794.4782
1719.9962
1725.1273
1773.8367
1838.6858
1891.4588
1929.3998
1963.0447
2011.5053
2067.7356
2118.5339
2160.2087
2197.4946
2232.1941
2265.5954
2299.0223
2334.1783
2368.4894
2401.5676
2431.8358
2465.2546
1827.7318
1916.4119
1940.7445
1957.1296
1967.2332
1972.5134
1975.3719
1977.8437
1978.5457
1969.8269
1940.6075
1887.7616
1809.844
1746.0759
1735.2236
1763.0826
1779.2371
1769.4084
1688.5258
1431.7702
1351.5871
1485.0709
1578.2776
1609.9194
1620.4152
1601.5042
1584.4597
1624.556
1550.3846
1374.7436
1168.4728
847.32964
418.37423
-60.419244
133.22663
-90.230629
962.51593
980.13522
998.45792
1007.4326
1019.2625
1030.7983
1040.1233
1046.0065
1042.5286
1056.0519
1047.7235
690.33653
774.94832
853.06638
968.5183
1035.8341
1060.4177
1061.887
1057.9491
1047.2527
995.82464
981.77041
897.71834
873.3175
52.908053
99.129741
100.09038
56.173807
8.4089844
-52.892213
-50.881389
-54.750507
-73.139943
-92.142451
-107.38778
-112.47355
-105.21816
-89.371719
-74.162089
-61.369209
-48.272683
-36.097498
-26.425088
-19.059591
-13.349062
-9.9456101
-10.16873
3760.8601
3757.3309
3751.9576
3744.0247
3733.6669
3749.8224
2994.3013
2960.5957
2977.9213
2991.2132
2988.0697
2965.2893
2932.8642
2881.9141
2771.084
2701.0731
2600.8711
2524.4163
2474.142
2468.4172
2467.6993
2457.2711
2446.2218
2439.2458
2428.1256
2420.1636
2418.8968
2413.715
2404.4669
2392.712
2378.7507
2361.7279
2340.7411
2315.6543
2286.3474
2253.3543
2215.9955
2170.5738
2115.996
2052.9654
1975.757
1889.8588
1808.8471
1739.1297
1709.1978
1753.0802
1817.5316
1871.911
1914.5571
1952.1149
1996.2876
2045.2082
2089.9562
2134.0107
2176.3835
2215.6026
2252.6139
2288.5913
2324.8306
2360.5858
2393.2841
2421.5338
2452.7989
1872.6159
1885.2476
1918.5959
1941.6001
1954.5424
1962.4581
1967.0435
1970.8509
1973.491
1975.3253
1972.561
1960.237
1936.7819
1899.3833
1866.0921
1860.9881
1877.901
1886.4859
1876.5828
1805.8104
1689.995
1526.1766
1679.173
1467.0226
1142.1525
985.69101
675.86647
393.67313
170.91126
98.199711
-98.193977
126.05167
56.837824
897.12926
930.0858
950.12741
972.13866
984.17432
995.21355
1007.8312
1020.9397
1029.177
1036.1152
1036.6846
1044.1541
1028.9106
647.97111
736.60816
829.46977
930.30116
999.34735
1027.2487
1031.474
1024.169
1007.9713
977.26211
934.93952
879.30099
825.43005
793.45414
733.88409
682.95571
641.32282
602.27382
572.01978
607.65321
-22.134876
43.153026
82.140434
79.404387
47.424283
-5.3610278
-48.347936
-60.711977
-64.43461
-74.583657
-83.941946
-88.95965
-89.218687
-81.135346
-68.702379
-56.707798
-45.527029
-34.505913
-25.459582
-18.637153
-13.604814
-9.7767114
-7.9630681
-8.9589352
3781.1154
3777.0509
3772.4276
3766.3306
3760.3849
3766.5091
2973.3579
2982.8479
3000.6636
3015.4981
3016.8777
3000.8526
2957.1331
2898.8247
2427.9274
2459.8487
2440.2302
2435.4366
2423.4638
2417.8679
2408.7328
2414.2738
2410.9661
2402.8751
2393.3775
2381.6782
2366.1994
2346.0558
2320.9917
2290.5615
2254.6539
2213.6295
2165.9435
2109.0496
2045.0751
1974.4373
1899.7224
1820.078
1743.1663
1708.9009
1740.9137
1801.1933
1855.7929
1899.6497
1938.9524
1980.5112
2021.8023
2061.8703
2107.8476
2154.2203
2195.9363
2234.927
2272.5604
2308.3464
2342.1718
2372.3303
2397.4956
2426.9387
1801.4577
1859.4085
1886.498
1880.3955
1906.5358
1927.8073
1941.4904
1949.1333
1953.4221
1959.6435
1965.8055
1972.4962
1977.8948
1979.1442
1976.0272
1969.5996
1963.8736
1969.9771
1975.3023
1985.3725
1960.7962
1932.0549
814.21168
417.97091
367.58734
162.67619
95.674532
68.12124
130.52757
98.882224
225.15817
263.05912
323.58022
801.65485
825.78452
880.72025
914.50082
939.30777
960.00488
968.85333
980.23465
996.56049
1016.2079
1023.2388
1030.7453
1028.591
1041.8665
1028.1749
631.53266
713.12671
806.71925
898.80682
955.88061
978.49254
985.48674
977.15148
958.9156
937.14266
905.93364
866.32249
825.72863
783.653
732.41718
683.82565
640.8968
604.06514
576.09444
543.6246
514.51724
450.90783
359.85712
269.05196
115.82637
90.370711
77.652891
75.784224
51.402495
10.357157
-33.671481
-68.843569
-80.963124
-78.275687
-77.302507
-77.059842
-75.265286
-70.436939
-61.475788
-50.527854
-40.289983
-31.208293
-23.42484
-17.319393
-12.850344
-9.6664865
-7.2684745
-6.5879171
-7.4637179
3798.8161
3794.3673
3790.3097
3785.7536
3782.4129
3782.456
2971.9289
2989.3795
3011.5453
3034.758
3057.7862
3065.3557
3043.9301
2409.7744
2406.6263
2417.5838
2401.2778
2408.2878
2406.6056
2400.5818
2394.4528
2385.5421
2371.804
2352.4591
2327.307
2295.9842
2257.9909
2214.5382
2164.198
2104.111
2039.9959
1976.3281
1910.6846
1830.1611
1746.2009
1710.8142
1736.7973
1789.781
1840.9732
1885.0378
1926.8149
1965.4781
2000.9669
2045.1034
2090.0546
2136.298
2177.49
2215.549
2251.7062
2285.4638
2313.8926
2335.6377
2348.4068
2342.4033
2108.8411
2133.1426
2040.6258
1955.1091
1887.4663
1869.4778
1868.2338
1882.2699
1891.9697
1900.7269
1909.9653
1921.2683
1929.7203
1937.6203
1946.888
1957.0241
1970.3847
1983.6275
1994.4693
2003.6785
2013.5727
2024.9527
2033.8426
2042.6871
2066.416
2032.0588
233.50638
58.194442
127.70124
182.92901
180.06529
186.24151
280.17115
389.87094
514.48126
529.38673
624.81129
584.35809
727.71314
798.44802
865.07052
904.24554
940.09069
958.08263
943.5818
946.90023
968.54518
995.3336
1007.012
1031.5021
1020.0342
1039.8002
972.90131
533.54079
622.48326
708.03807
794.6406
866.53083
904.01512
920.07509
926.54299
925.34336
913.22504
898.42108
879.60389
852.96693
820.99732
783.60992
740.25653
691.77843
642.4885
597.70082
559.72946
527.51001
488.69389
432.51524
364.59389
308.12029
236.74152
167.15981
91.969484
52.616662
12.16699
-35.306794
-71.752476
-98.019673
-104.92077
-96.385865
-84.961537
-75.611029
-67.68447
-59.100641
-49.362464
-39.506305
-30.586219
-23.116822
-17.192464
-12.728106
-9.8538391
-7.9798814
-6.3942561
-5.5713013
-5.7508434
3813.3275
3808.5201
3804.6891
3801.0333
3797.1796
3789.2064
3819.3678
2987.647
3002.5954
3020.4704
3042.7622
3067.0273
3079.4544
2398.428
2410.3883
2407.4475
2408.0347
2403.0216
2397.3829
2389.5862
2376.3985
2357.5825
2332.9164
2301.5937
2263.5358
2220.5642
2168.2494
2101.4188
2035.3986
1976.9914
1905.7597
1825.0828
1737.6581
1702.494
1732.9216
1780.8339
1825.9708
1866.3904
1904.8382
1938.783
1995.885
2036.9992
2087.9997
2130.6686
2168.2937
2202.908
2235.1523
2265.1868
2289.26
2303.6601
2308.6815
2303.284
2236.5678
2342.672
2354.8294
2297.8593
2201.7657
2141.4215
2097.1484
2036.3227
1975.7067
1931.4568
1897.3214
1879.4493
1880.0153
1889.8018
1892.0336
1894.6991
1903.4715
1913.5603
1924.2362
1934.2582
1947.7705
1966.3044
1983.3864
1997.9596
2013.3909
2029.3193
2048.2135
2070.5771
2123.0709
2098.9268
47.169974
127.3222
256.11001
192.11594
208.91774
298.79966
417.98869
522.49252
494.65185
466.21658
700.41289
755.31586
789.18262
855.0734
913.9412
956.35359
995.41854
961.69101
996.25588
998.35712
1057.093
982.21879
1147.1132
975.09241
963.77067
1103.8883
719.61534
681.54682
652.23908
654.26582
710.63728
774.45656
817.43832
844.53923
862.34519
872.3315
876.56315
875.80201
868.63663
859.57666
843.23519
820.40535
790.61171
751.01652
699.1806
637.87677
578.12536
531.85339
500.37183
477.83136
455.44068
428.71087
392.31038
352.82408
258.69455
40.519754
0.27263348
-32.374921
-92.193551
-125.75145
-148.26335
-135.47785
-113.56702
-93.896515
-79.527939
-67.126322
-55.905527
-45.899142
-36.027926
-27.513811
-20.652409
-15.529551
-11.714806
-9.8232909
-8.0707278
-6.1455014
-4.7544863
-4.3645579
3824.5471
3819.5699
3815.8857
3812.411
3807.5406
3799.7741
3795.964
3006.4543
3017.3312
3026.1708
3037.6848
3074.9151
2419.4762
2387.5976
2400.963
2399.8254
2397.8532
2391.202
2378.7708
2361.3292
2337.9049
2307.6131
2274.3085
2241.8123
2202.4042
2116.8403
2037.2707
1977.149
1992.1636
1979.2588
2074.1805
2107.0465
2143.7153
2175.096
2203.4096
2229.4941
2253.8505
2274.9303
2287.4732
2291.0643
2285.2407
2254.8069
2265.4839
2249.7059
2283.2061
2334.5817
2352.284
2339.349
2328.8921
2314.5159
2275.2872
2193.6201
2120.152
2065.5969
2016.4676
1975.8476
1932.9212
1912.6813
1881.5677
1872.5992
1874.4481
1875.1419
1877.4388
1886.8589
1899.1214
1911.6469
1915.5832
1937.4266
1961.2926
1975.8948
1987.5526
2002.783
2017.9975
2038.3133
2093.0126
211.85867
162.25935
190.97482
290.53
392.47553
475.26458
534.24281
617.72965
737.91735
774.39582
831.44848
891.03628
942.61929
988.49777
1025.9546
918.90436
992.91669
1123.2252
1003.2733
1078.9258
1086.9459
1105.505
1114.0696
1105.8749
1096.3962
1151.5011
933.5183
1026.4229
974.7148
876.58659
773.25867
732.44594
712.57257
685.77317
667.75808
687.28261
729.79466
769.96089
799.61507
817.74099
830.30038
839.45366
845.32884
849.31171
848.60791
840.35459
825.50764
803.38871
766.53385
703.94419
621.25318
543.36078
490.92519
475.44507
472.60769
482.43483
493.29232
497.14773
500.67878
412.32637
185.07963
-179.10012
-129.46947
-102.07137
-86.446332
-70.6559
-58.155999
-47.630266
-37.981382
-29.15809
-22.175303
-17.390914
-14.044307
-11.767753
-9.277775
-6.9247045
-5.0551038
-3.642518
3832.6212
3827.7866
3824.6423
3822.4249
3819.1759
3814.857
3832.9919
3042.9408
3032.9759
3029.1532
3027.7222
3023.6735
3057.577
2409.4027
2406.8224
2405.0267
2396.8879
2396.9239
2391.2383
2380.6523
2365.3556
2344.3268
2316.5128
2287.3516
2295.9657
2154.9356
2177.0202
2192.6879
2213.7545
2234.0287
2253.0754
2269.9959
2281.4532
2286.3196
2285.7525
2275.3562
2274.9435
2275.0541
2287.2492
2304.0396
2312.663
2320.6078
2326.473
2326.7335
2329.0197
2334.6403
2339.9947
2333.3318
2314.6051
2264.2435
2144.8884
2076.6505
2037.4498
1996.5209
1970.1985
2014.467
1921.5978
1958.9108
1955.2494
1970.8179
1984.0941
2005.3281
2004.032
2066.6092
115.81858
153.87924
266.71669
399.79585
515.06948
602.65076
679.3688
760.62024
810.14553
861.51675
927.13501
993.90123
1050.4847
1102.8552
1019.6864
947.31468
1029.7219
1033.1027
1055.9497
1075.0298
1091.0945
1100.1427
1099.2803
1096.9286
1077.5104
1058.2083
984.26753
974.88317
989.42014
971.87114
920.56126
863.26175
815.18384
768.91389
695.75699
644.22909
646.03074
694.52385
735.42347
762.5022
783.55931
802.35836
818.20141
830.80527
840.45712
844.85764
841.69387
830.93233
812.56805
778.89203
739.65208
632.50767
499.60525
392.6304
444.26747
455.39779
488.63017
529.80235
582.69426
631.1877
639.79325
-105.01142
-88.563107
-72.973159
-61.907067
-51.078891
-41.84422
-32.929252
-26.215423
-21.272487
-17.540913
-14.103366
-11.001778
-8.2613023
-5.856397
-3.3570276
3837.7893
3833.2236
3830.3009
3828.7454
3827.0765
3824.8204
3823.0691
3820.0224
3800.6478
3769.8329
3739.7131
3706.8493
3672.9891
3099.542
3069.1945
3049.6868
3034.596
3022.9666
3010.717
2397.1444
2397.9693
2398.935
2397.5537
2392.4073
2381.7056
2368.3747
2351.7585
2332.8107
2307.5551
2316.1055
2194.3435
2203.3975
2213.2087
2228.882
2244.3192
2259.3087
2273.0134
2283.2457
2287.8063
2289.3746
2286.6917
2284.5029
2283.7121
2289.8242
2301.1387
2311.0361
2319.0581
2325.35
2330.3515
2336.8149
2342.2547
2347.1508
2348.0067
2340.4058
2307.1705
2230.9728
1944.1718
1962.5129
1951.7279
1971.5609
131.9466
286.26203
427.82527
560.81584
664.67409
741.36831
807.27646
860.46587
918.37081
987.26158
1057.5309
1124.2642
1193.9253
879.26648
976.79441
991.81304
1018.1293
1045.404
1065.6803
1080.8346
1090.4378
1092.0157
1087.9587
1076.6935
1047.516
1015.0432
1001.5538
1006.8169
1003.9563
981.29382
949.22627
908.65713
838.54097
707.83819
562.5247
569.86357
644.01283
698.67187
735.82959
758.01688
783.58921
806.52236
825.61554
839.91159
849.17058
852.02713
846.40102
830.50239
848.71663
383.07767
424.50307
472.45295
518.13478
570.65332
623.64485
-73.08909
-64.338009
-54.538083
-47.703182
-38.146412
-31.117995
-25.300735
-20.740695
-16.875846
-13.323244
-9.9265305
-6.6520992
-3.3137226
3840.9692
3836.8455
3833.8347
3832.0143
3830.1595
3827.6048
3822.237
3810.4567
3788.6183
3761.1263
3731.6916
3695.0048
3658.4394
3614.9017
3561.0759
3493.1736
3418.2139
3333.5103
3248.5278
3179.444
3132.1866
3079.2117
3059.4811
3035.7471
3015.7618
3005.854
2961.9411
2400.0488
2395.7085
2398.7109
2393.4135
2390.7782
2382.6892
2371.7987
2357.9659
2342.7752
2326.4294
2223.8592
2229.5925
2235.158
2244.7916
2256.1319
2268.0194
2279.3409
2288.4705
2293.5801
2295.4079
2295.4754
2295.0173
2296.0393
2298.2216
2305.5387
2313.7821
2321.3728
2328.6502
2334.837
2342.1303
2350.1056
2358.0283
2363.6582
2363.3442
2357.0498
1942.1786
1935.2449
1938.4655
353.835
456.65964
617.90907
723.37455
803.13757
865.90031
916.65527
966.44313
1029.8572
1099.8927
1169.5178
1244.4868
849.28025
895.07685
924.52981
962.51875
998.81923
1029.5193
1050.495
1064.7309
1073.402
1075.1162
1071.7506
1062.9588
1046.7361
1033.002
1028.6686
1036.6506
1047.4961
1055.1883
1053.6386
1035.8844
907.64083
762.14452
446.70899
430.13281
547.52228
668.9244
438.58486
465.84655
497.10446
533.89414
573.84999
-58.455174
-54.67585
-43.48347
-35.823438
-29.650993
-24.437672
-19.791163
-15.50164
-11.377782
-7.4736312
-3.7276184
3843.3993
3839.9579
3836.7979
3834.112
3830.7907
3826.54
3817.8787
3803.3682
3783.7922
3758.3138
3733.598
3700.0274
3665.7301
3615.2216
3556.1451
3487.6335
3416.2645
3334.0717
3248.0799
3178.0899
3122.1519
3082.5932
3060.0823
3032.4797
3010.7408
2998.6405
2993.5729
2393.7061
2399.599
2398.3587
2392.0235
2384.8133
2376.0318
2365.8574
2355.6008
2349.3632
2237.9104
2249.1862
2249.7815
2257.8566
2267.034
2276.7733
2286.3514
2294.6162
2300.3787
2303.394
2304.4506
2305.2919
2307.1054
2309.2756
2313.6533
2320.0149
2326.0365
2333.0743
2340.4421
2348.6765
2357.8215
2367.7329
2374.5829
2379.9535
2388.983
1924.6949
1907.6707
1908.4879
565.08424
715.61061
796.9777
859.457
914.84311
962.77295
1003.4472
1046.0281
1095.8597
1144.1725
1151.5866
774.99934
811.90478
852.04473
894.92615
938.15269
975.70448
1004.6501
1023.2432
1036.6719
1045.0203
1047.132
1047.0543
1045.1609
1042.319
1042.3035
1050.3224
1069.2048
1098.6471
1136.1464
1175.1207
1203.0927
1129.9985
445.50575
459.40191
476.35094
495.74065
511.18102
-59.744331
-48.896976
-40.684914
-33.790584
-27.624343
-21.995562
-16.923451
-12.170403
-7.8831836
-4.3112068
3845.9144
3843.0229
3839.4805
3835.6781
3830.9113
3824.7472
3814.0093
3798.6222
3781.5559
3754.8702
3738.7645
3697.5436
3664.6952
3619.4942
3577.156
3119.034
3081.7706
3051.3588
3021.314
2998.7796
2984.0241
2973.9718
2394.2796
2396.135
2397.5725
2393.052
2387.554
2381.1035
2374.1526
2367.7821
2364.5573
2274.8782
2278.9594
2263.9598
2266.5604
2270.1186
2277.1547
2285.0147
2293.0729
2300.5324
2306.592
2310.8921
2313.5294
2314.9357
2316.0553
2318.6452
2321.9496
2326.3845
2331.4109
2337.7953
2345.6512
2353.9624
2363.1738
2372.7101
2379.7369
2387.4586
2397.5026
1869.3408
1878.5296
1878.4532
1865.2666
854.71566
839.62163
849.51975
875.87588
912.90655
953.15604
988.46843
1022.2538
1048.0217
1068.1771
1074.2832
1021.2007
895.4941
568.40396
670.15398
729.95385
781.70677
827.47331
870.51179
912.42324
947.03717
971.66622
984.99653
996.0497
1004.3797
1010.412
1015.107
1020.4869
1028.824
1041.1859
1063.1104
1096.2882
1140.2758
1195.028
1259.3582
1321.8095
1363.9573
458.88453
457.62699
463.44903
458.06028
-62.265911
-55.703597
-45.499272
-36.852629
-29.445772
-22.730046
-16.862251
-11.664456
-7.4982758
-5.1271041
3849.5517
3847.0832
3843.2288
3838.6417
3831.8018
3822.4993
3809.7831
3794.0193
3778.4059
3753.4703
3736.3445
3714.1671
3692.928
3066.0376
3021.515
3001.8777
2980.0249
2962.8914
2945.9375
2402.4954
2394.3183
2398.3067
2395.1691
2391.2665
2386.7281
2382.0466
2378.1378
2376.1822
2292.2285
2279.8633
2255.6498
2272.1709
2281.9423
2281.2042
2286.2788
2292.3959
2299.0253
2305.5941
2311.5017
2316.3692
2320.1165
2322.5551
2323.8452
2325.3473
2327.9212
2331.1087
2336.3098
2342.7106
2349.3601
2356.6645
2364.8402
2372.9936
2379.8847
2387.668
2397.4762
1859.5013
1862.2337
1855.5763
1844.2765
1825.5764
957.0246
869.04112
781.46614
875.50452
936.42317
967.2109
992.80208
1014.2157
1036.5847
1049.0551
1046.7064
1023.5198
954.32383
784.78131
703.11552
588.78856
538.93617
635.57913
652.3492
715.11525
779.49127
825.06939
860.72184
892.33634
915.12496
929.0459
939.41951
944.98367
950.93337
962.41005
975.32153
990.30038
1009.2408
1033.5127
1064.8447
1104.2536
1153.1997
1213.3691
1283.1399
1354.1542
1429.4116
438.49587
438.43631
438.65862
438.29436
402.98234
-140.96498
-92.591236
-76.092582
-64.151699
-48.959443
-37.440402
-28.495452
-20.672997
-14.631648
-9.8611391
-7.1315508
-6.5291069
3855.8111
3853.6831
3849.3147
3842.8591
3833.6455
3821.6752
3806.3153
3789.3052
3776.0716
3754.8422
3742.8911
3730.304
2998.1168
2973.5339
2954.913
2937.9258
2916.1131
2400.3253
2399.7981
2400.8672
2398.9983
2395.9886
2392.586
2389.344
2386.888
2386.0669
2300.3161
2297.3985
2292.4734
2307.1285
2295.2112
2287.9941
2290.4678
2293.9524
2298.6221
2303.951
2309.5248
2314.9096
2319.7069
2323.8213
2326.8227
2328.8089
2329.5645
2331.9975
2335.3936
2339.9754
2345.0724
2350.1905
2355.86
2362.2219
2368.61
2374.0821
2381.2304
2390.689
1854.688
1853.3686
1852.0758
1848.19
1839.2103
1827.3485
1810.7111
1790.7615
1774.5023
1761.3648
1749.0019
1739.9081
1732.7256
1051.574
1018.3995
985.83594
956.30812
984.38706
971.00863
985.56932
1003.7016
1019.4281
1036.7497
1052.0661
1058.5835
1052.1758
1025.6824
975.62904
901.88676
837.25254
749.81801
698.44757
698.98351
726.76609
768.07035
815.50729
847.6493
868.24806
881.99179
886.58295
884.81673
883.30164
882.52642
891.3533
910.92212
934.139
959.06271
987.38806
1020.012
1055.1524
1094.3998
1140.4736
1195.5813
1256.59
1315.1354
1372.7293
430.54046
420.305
418.79007
406.9397
373.88057
372.46985
127.1878
179.14947
168.15293
131.4229
89.925915
46.619339
-1.3266492
-53.159162
-107.15345
-97.453242
-96.910803
-77.837797
-58.534531
-43.003353
-31.745393
-23.024663
-16.074062
-11.64382
-8.5713988
-6.999671
-7.3428987
3865.2123
3863.1575
3858.2656
3849.9749
3837.6438
3820.6888
3800.1679
3783.7901
3769.4732
3762.7737
2968.741
2940.4924
2928.778
2913.7533
2901.9819
2868.1009
2409.757
2407.7069
2407.0159
2405.4944
2403.4249
2400.7272
2398.001
2395.6944
2394.1955
2395.7525
2303.5326
2300.0006
2303.6418
2293.5069
2296.1616
2293.9509
2298.3664
2300.2595
2303.833
2307.9557
2312.4684
2317.0877
2321.3746
2325.3427
2328.1191
2330.4022
2329.6718
2332.7751
2343.6348
2343.3861
2344.7396
2348.3302
2352.1093
2355.9889
2359.9287
2362.6732
2368.6511
2374.9222
1865.8519
1859.8185
1856.7274
1850.4398
1846.268
1836.9712
1827.085
1816.2538
1804.4023
1789.4789
1773.9578
1759.1887
1747.8696
1738.1578
1729.765
1726.6919
1119.665
1097.2802
1071.3645
1038.3303
1011.6708
984.11383
977.15695
975.33994
1005.1701
1022.4899
1038.8803
1057.351
1074.2902
1082.7282
1080.9917
1064.0499
1034.9048
986.78897
940.81578
895.04993
854.9288
839.2224
860.8779
878.25927
896.38662
904.58625
899.09057
882.09668
863.50838
837.28022
815.27163
815.35295
836.50818
866.96768
899.30803
932.39484
967.27925
1003.8567
1039.0505
1074.5669
1113.5453
1161.1097
1213.1287
1257.2235
1289.9672
402.46503
404.53928
392.67949
357.36419
291.53925
237.69116
196.88232
179.50998
156.04082
119.57341
80.077752
39.906589
-0.71169748
-38.076663
-67.248348
-83.731885
-79.167738
-65.402759
-45.647184
-32.285332
-24.067052
-17.748707
-12.399509
-8.6719202
-6.2799161
-5.6132622
-7.6672854
3877.7658
3875.5996
3870.5471
3861.2364
3846.4416
3822.4443
3786.8127
3773.0774
2909.9187
2903.9986
2891.8079
2873.0893
2847.4971
2842.4434
2440.6018
2424.617
2419.719
2415.003
2411.3504
2408.263
2405.3271
2402.7366
2400.7249
2399.683
2404.1047
2312.7176
2308.1685
2307.0528
2306.0678
2307.8639
2304.3705
2303.4974
2303.2276
2305.3099
2308.469
2311.1885
2314.683
2318.4106
2321.9435
2325.6527
2327.2414
2330.7958
2329.9059
2335.9809
2340.742
2345.0119
2345.989
2346.4902
2347.2017
2348.3759
2347.8586
2345.9516
2351.3616
2351.985
1879.9303
1870.7773
1861.1823
1854.0007
1845.8471
1837.4996
1826.9943
1815.96
1804.875
1793.3812
1780.5407
1767.0556
1753.8491
1742.1477
1732.157
1723.8691
1722.2538
1161.6018
1137.0771
1114.0759
1087.6463
1062.4647
1038.5581
1026.4296
1022.1025
1006.2914
1018.025
1035.851
1053.7723
1077.0203
1097.6585
1109.4168
1116.3375
1114.5215
1101.8336
1073.4456
1041.1268
1020.9142
1003.405
984.64161
997.35693
998.89904
995.08486
977.3774
940.78205
885.97323
858.27952
791.85637
737.2609
744.90166
788.08788
835.47967
876.7457
921.89983
959.02574
995.40291
1025.9818
1056.7579
1089.2291
1125.0822
1163.7183
1192.2184
1205.8867
1180.3214
377.4631
394.41526
391.61547
364.79197
320.14713
261.79093
214.79603
177.97448
142.50988
105.82681
68.489987
32.413021
-2.096425
-32.110638
-52.096011
-58.940841
-61.483347
-52.994605
-36.247571
-23.624976
-16.371577
-11.04931
-6.8554571
-4.4340036
-3.2958039
-4.0449938
-7.63756
3892.7731
3890.5571
3886.4969
3879.1411
3866.0371
3831.9552
2881.6763
2881.8526
2873.1781
2858.9159
2839.3488
2819.9723
2824.0138
2797.2112
2763.4344
2726.6656
2684.0194
2636.6363
2588.3076
2543.941
2508.6086
2481.1022
2459.9479
2452.5577
2435.8922
2428.0271
2422.0273
2417.0769
2413.0214
2409.5951
2406.7774
2404.6034
2403.3545
2401.9836
2409.1027
2322.2219
2317.9392
2316.0893
2311.6653
2306.8984
2308.931
2308.8309
2308.0994
2307.3066
2308.4899
2310.1887
2313.5622
2316.4022
2318.9857
2322.5233
2331.8852
2326.0092
2335.3922
2340.8254
2339.8823
2366.7081
2331.6048
2346.5805
2338.7537
2343.7142
2345.4106
2325.2895
2334.6146
2314.8659
1905.7465
1895.4365
1885.841
1872.2004
1861.512
1851.5223
1841.474
1830.6393
1817.9391
1805.2689
1793.8512
1783.4611
1772.2902
1759.9954
1747.1123
1734.9583
1724.2227
1715.4895
1715.5051
1204.9412
1182.5982
1157.1828
1134.0144
1110.007
1086.9087
1066.8378
1049.4975
1040.8757
1036.5202
1037.8097
1053.9228
1070.7599
1098.2308
1117.0832
1131.0659
1145.9644
1154.9474
1156.3956
1150.2834
1139.2821
1129.0834
1125.1811
1122.0634
1122.1489
1115.5928
1095.8537
1053.4833
985.51089
841.99504
882.85847
804.19841
691.58058
680.13752
739.92569
801.08334
848.57255
903.90087
946.76002
988.76133
1016.6935
1044.5784
1072.4197
1099.186
1125.4016
1145.2423
1152.9506
1155.4233
352.98708
382.76758
386.32969
359.74929
315.96273
266.93182
217.86051
171.21416
128.44948
89.198288
54.287369
21.831609
-7.8177406
-32.784474
-48.128351
-53.691613
-53.98929
-46.522572
-29.379334
-16.187625
-9.6990553
-5.4213591
-2.5521111
-1.2962067
-1.1480282
-2.8439256
-7.3873843
3908.6489
3906.6946
3904.9389
3902.6025
3899.8802
3919.2095
2863.2475
2867.4448
2861.1782
2850.8547
2838.9005
2823.4913
2806.5666
2782.9891
2752.0532
2716.9626
2676.4183
2632.7811
2590.8635
2553.7362
2521.6506
2495.7758
2474.8573
2458.7499
2444.8918
2435.3697
2427.9061
2421.8699
2416.9679
2412.8295
2409.3912
2406.7967
2404.398
2408.6241
2406.7279
2374.3663
2332.3747
2323.4608
2322.3408
2319.6912
2315.5391
2311.0945
2310.6568
2310.2997
2310.9407
2309.8064
2310.7884
2311.5802
2314.0507
2314.9957
2320.1192
2318.1415
2325.2991
2321.997
2325.2754
2329.6327
2331.3452
2334.0457
2291.9256
2322.9398
2279.8777
1934.8444
1921.0144
1910.9737
1898.3713
1884.3028
1872.6328
1860.8191
1849.2395
1837.7289
1825.4016
1813.0457
1798.5451
1785.4738
1779.4208
1767.1488
1753.7657
1739.8455
1726.5142
1713.9528
1703.2006
1703.4571
1270.4299
1245.0976
1224.2516
1197.7745
1176.2867
1154.1864
1131.2793
1109.0442
1084.8888
1064.8391
1049.4046
1046.2281
1048.3145
1067.1291
1089.4555
1107.8587
1129.4556
1148.5653
1168.1374
1183.4725
1194.4788
1202.3475
1208.5204
1213.3182
1218.3887
1221.3258
1220.6208
1214.1772
1185.4593
1140.867
1057.0372
927.71978
931.47963
965.29248
998.05061
1019.6322
1042.0612
1064.4957
1084.7295
1101.1507
1110.546
1106.6399
1059.0551
341.96745
369.47971
373.13522
344.82306
306.89678
266.42484
221.69748
161.83971
108.69508
70.483493
41.686705
11.210557
-16.289524
-40.674267
-53.056758
-58.314658
-54.459364
-44.61532
-24.708447
-12.928385
-7.442857
-3.5476483
-0.94505949
-0.060972893
-0.2247199
-2.2272486
-7.2471217
3923.0234
3921.21
3920.8177
3921.2779
3923.1641
3928.4849
3957.2646
2851.4629
2858.2423
2855.2516
2846.8172
2836.3912
2820.1019
2806.6794
2784.3257
2753.1893
2716.9117
2674.505
2630.6626
2589.9671
2554.62
2524.5598
2500.363
2480.11
2463.5892
2450.4283
2440.2493
2431.9623
2425.2836
2419.697
2414.6381
2410.0021
2405.3298
2398.184
2391.6121
2388.4476
2421.3795
2406.5582
2395.1127
2347.3263
2336.266
2339.5773
2330.7945
2329.0495
2324.993
2319.8611
2315.0212
2310.7991
2310.895
2311.2774
2311.3194
2312.0943
2313.0251
2315.6238
2319.1556
2315.1885
2329.0658
2318.9196
2324.1857
2324.4779
2370.3616
2285.535
2289.4202
2264.5148
2217.4756
1955.9213
1943.5924
1928.9065
1913.0962
1900.4738
1887.0966
1873.5493
1859.9395
1846.8347
1834.4119
1824.9418
1809.051
1795.5108
1777.3939
1773.9768
1758.6598
1748.3023
1732.9202
1717.4453
1701.572
1686.5813
1681.3397
1316.1639
1290.2573
1265.6813
1239.0812
1217.2189
1196.262
1175.3178
1152.5738
1133.1728
1107.4399
1110.7068
1134.2706
1145.3484
1164.8617
1183.6553
1201.3004
1217.3003
1232.7668
1248.4719
1263.7087
1275.1421
1284.0601
1287.6245
1278.9792
1265.0401
1238.1722
1170.4374
1012.9129
1030.1631
1052.834
1067.9787
1080.2713
1087.8311
1085.0392
1070.8566
1033.885
1003.8894
927.28449
765.20528
785.2844
783.51038
782.61564
773.77596
356.15835
359.20703
357.58777
335.02538
306.00152
257.35668
250.05455
186.55889
107.82704
63.169722
34.433845
4.4599119
-25.693305
-55.901115
-75.466046
-85.362415
-57.309494
-51.946722
-29.245747
-17.436208
-10.56209
-5.1001069
-1.7516057
-0.70369284
-0.6574932
-2.3571479
-7.8231609
3934.9085
3933.2748
3933.4494
3934.8834
3938.3515
3945.1196
3958.1588
3966.2996
2831.1365
2846.5381
2849.4165
2850.0768
2844.6261
2835.4603
2823.0526
2808.582
2787.4201
2756.8032
2718.6327
2670.0509
2624.9046
2585.9829
2551.5832
2523.0826
2500.7835
2481.4075
2465.2397
2453.0269
2442.8811
2434.1878
2427.1478
2421.2796
2415.8608
2411.3382
2408.5081
2405.5289
2416.8539
2395.6301
2359.9606
2375.2138
2387.1402
2384.1512
2378.1517
2371.2329
2365.463
2359.3326
2349.5982
2343.8014
2342.7197
2336.3504
2329.8733
2329.105
2323.39
2318.4381
2314.2291
2310.6568
2311.6335
2312.3743
2312.5546
2313.8619
2315.3625
2316.8375
2316.9558
2323.0143
2318.1798
2324.4148
2322.7052
2280.2682
2173.3107
2272.3024
2203.185
2195.5891
2159.1325
2134.2157
1999.2273
1981.9746
1965.2663
1952.7658
1936.3869
1920.4536
1905.5519
1890.4153
1874.6225
1858.77
1843.8594
1836.139
1816.3624
1800.9995
1793.8056
1779.2284
1769.9688
1752.8491
1743.486
1724.6003
1708.2419
1688.0339
1666.9878
1647.6003
1400.9434
1367.0028
1335.4984
1306.1149
1281.3293
1257.4679
1236.0412
1216.388
1198.0248
1177.741
1155.9103
1137.5113
1158.1275
1178.1088
1195.1765
1213.6675
1230.1266
1248.4731
1267.518
1288.5441
1302.0784
1313.6782
1317.005
1316.3653
1341.1597
1346.4215
1045.2124
1062.7064
1076.6945
1083.7248
1085.0025
1076.3588
1055.0423
1021.932
982.51716
935.6099
905.96317
741.04578
758.01067
778.84424
780.97041
777.89708
769.12164
752.84113
719.40091
348.43848
352.16666
357.91589
351.19564
336.91688
328.96111
322.88448
-67.729514
-34.683892
-35.43025
-19.194181
-11.489772
-5.9050901
-3.2955966
-2.1567306
-1.7630967
-2.7565421
-9.5912124
3944.3399
3942.971
3943.1072
3944.3214
3947.1266
3951.6216
3957.1257
3961.9869
3956.1291
2855.5569
2847.4033
2848.1002
2847.1922
2842.7302
2836.6291
2827.3141
2815.2783
2797.1878
2764.3384
2745.5717
2672.1311
2608.6513
2570.3707
2535.1023
2515.4849
2500.2735
2480.5382
2464.0899
2452.9023
2443.0175
2434.0625
2427.0294
2421.2367
2415.4699
2410.1643
2406.7324
2401.5369
2401.1485
2394.6682
2436.3229
2393.4422
2384.3475
2383.0554
2379.2903
2371.2947
2366.2408
2361.0618
2356.8501
2347.188
2341.9261
2336.4296
2331.0076
2331.1216
2325.8563
2321.0921
2317.087
2314.1379
2312.4562
2312.9288
2313.2408
2314.3043
2315.097
2317.4901
2318.1696
2318.2408
2318.2947
2321.2286
2322.0975
2222.8165
2183.6412
2158.2759
2143.399
2122.8034
2094.8756
2071.3475
2050.187
2030.4127
2008.8848
1987.439
1971.899
1957.8141
1942.5239
1926.3985
1910.3216
1893.9188
1875.5492
1857.3461
1844.6894
1833.2645
1813.474
1800.933
1793.1333
1771.1216
1759.9461
1748.3584
1738.4123
1717.5331
1700.1052
1675.4104
1646.5844
1614.0185
1564.888
1512.2595
1465.5298
1420.4606
1377.8317
1344.8576
1318.639
1295.1107
1273.2108
1253.3032
1235.4924
1221.5757
1201.9506
1162.0099
1174.8767
1188.6249
1201.783
1218.8645
1234.4717
1256.4641
1273.7822
1298.9424
1310.1416
1319.3432
1319.8698
1317.7654
1348.0008
1093.9638
1102.3434
1099.4643
1073.4175
1043.2522
1008.0582
967.26723
925.41647
867.20533
881.1582
796.8219
687.56253
743.91981
769.80762
775.01151
773.57041
762.93327
743.02567
713.21948
648.81348
633.25019
572.88422
386.79443
359.96806
371.82606
373.94005
357.58306
319.83843
315.60671
-14.423791
-23.313096
-15.026336
-12.940963
-8.5014267
-5.4235918
-3.7864812
-3.0554262
-2.9125844
-11.540936
3951.9011
3950.8286
3950.4501
3950.9491
3952.7703
3955.7322
3960.7824
3962.6035
3976.6664
3956.6047
2823.0076
2851.0669
2846.5287
2847.0914
2840.7139
2839.4383
2835.4871
2823.6943
2823.1654
2792.2948
2495.3016
2493.3345
2470.3493
2460.4178
2453.7125
2441.2468
2431.5876
2425.0676
2419.5015
2414.6035
2408.3575
2411.9509
2403.1066
2404.8037
2401.3689
2373.3008
2384.6499
2386.5236
2382.8398
2379.4463
2369.9072
2366.571
2358.4838
2350.7713
2346.8602
2344.2202
2341.8778
2331.9129
2328.5574
2324.8226
2321.2398
2317.3372
2314.5149
2313.4323
2313.1933
2313.9355
2314.8559
2315.88
2317.1534
2318.5126
2319.3501
2319.9234
2319.4463
2201.6361
2171.0706
2146.1099
2121.4956
2095.7897
2072.0063
2049.9565
2029.5387
2010.5554
1993.4603
1979.204
1964.4057
1949.3392
1932.1582
1913.6366
1891.8361
1874.6627
1859.67
1846.0093
1832.0611
1807.0902
1789.6114
1789.3759
1773.9347
1764.3151
1747.6775
1729.2142
1712.3624
1694.4624
1666.9789
1636.504
1603.6682
1560.6382
1511.9276
1465.1767
1424.4155
1387.9278
1356.5099
1330.1814
1307.3913
1287.0222
1268.91
1252.7838
1244.3988
1181.7297
1192.2592
1205.3118
1223.5583
1241.4725
1262.4205
1272.0593
1310.5722
1313.6406
1322.1348
1326.0842
1331.9752
1332.6718
1085.4618
1013.1284
995.84235
951.16365
924.1453
885.07572
855.63224
814.79199
783.12017
785.51372
789.68308
785.68479
769.2266
741.72076
704.66328
670.94837
628.5471
584.56883
524.65461
482.41962
447.69583
421.29634
404.37224
415.88997
399.23117
403.00247
408.19694
391.0676
373.24174
329.06389
-23.001839
-13.228565
-11.518777
-8.345248
-6.2202961
-4.6948512
-3.8408591
-2.674226
-8.0588191
3958.4795
3957.4396
3956.2291
3956.096
3957.2375
3958.8202
3959.8036
3950.2746
3940.2979
3975.6622
3967.8777
2858.0836
2861.3971
2848.4699
2839.3706
2855.5839
2834.3394
2839.1304
2834.9691
2836.3399
2444.8775
2446.6072
2434.3248
2428.3176
2422.3041
2414.6333
2412.9145
2406.906
2408.0477
2407.0356
2401.4196
2402.7232
2404.2727
2388.9129
2386.1713
2383.4275
2379.6328
2370.2603
2366.3636
2358.5445
2352.0305
2346.8342
2342.5423
2339.2684
2312.7072
2313.1392
2314.0059
2315.204
2315.9941
2317.2326
2318.7722
2320.5064
2320.3637
2133.2977
2112.741
2089.8959
2068.3532
2048.7483
2030.8473
2013.9325
1998.9694
1986.8116
1969.0522
1950.7027
1932.3071
1914.9518
1900.0674
1854.3818
1845.7221
1834.7113
1802.7849
1780.43
1800.1472
1770.0389
1763.9724
1744.0165
1730.77
1715.1844
1690.7057
1661.0486
1628.5051
1592.7558
1552.0761
1507.1588
1465.9787
1427.9127
1393.2208
1363.2635
1338.2711
1317.0666
1298.5587
1282.5524
1269.266
1263.1952
1186.6072
1192.0744
1203.2945
1228.5479
1233.1914
1271.6191
1252.0938
1305.8366
1310.0911
1319.4302
1321.2773
1320.8085
1330.4213
951.30068
944.98134
932.1894
886.52634
865.07027
845.91811
829.10651
819.2458
812.33666
806.09879
776.66297
721.14576
668.18706
625.93626
591.58927
561.55062
525.22334
497.51335
472.94492
454.93266
441.91363
435.57745
426.99206
428.559
432.11124
416.42562
374.61369
-18.636457
-14.695909
-11.660407
-6.4300426
-6.6509889
-5.3995684
-3.8276845
-2.7831599
-3.1903413
3965.2631
3963.2399
3960.912
3960.0874
3960.5028
3961.647
3964.0947
3971.9048
3978.4182
3951.9852
3955.051
3964.3509
2848.3669
2835.2351
2845.6506
2841.2825
2853.1412
2824.7758
2844.254
2828.9632
2417.1162
2418.4997
2399.3341
2416.2912
2400.3772
2404.8147
2404.2006
2399.701
2397.7076
2388.7569
2389.9282
2387.0158
2385.1769
2379.1515
2371.8946
2371.2487
2313.7742
2314.2264
2315.3165
2316.3476
2317.5854
2319.0667
2319.5277
2076.3284
2063.7812
2046.7864
2030.5126
2014.4635
1999.255
1989.5667
1973.4325
1958.5003
1839.113
1826.6164
1814.7998
1786.952
1788.3087
1766.0662
1757.6929
1746.4214
1727.1603
1707.0851
1685.6337
1657.0325
1626.3949
1592.1252
1551.7587
1509.8036
1465.4815
1428.7679
1394.5359
1365.6881
1342.3916
1323.4568
1307.1389
1293.1813
1282.7415
1274.7117
1279.1387
1263.0642
1315.4173
1286.53
1340.986
1303.3157
1323.5795
1324.1875
1326.07
906.18177
869.80857
869.56157
859.9986
865.00372
849.03882
839.56589
843.06531
858.2002
754.51982
643.09267
569.88462
531.3204
549.28133
516.78659
503.60678
491.8764
477.74483
465.30112
455.12388
447.36875
446.49432
443.81387
442.68716
451.50115
-12.688467
-10.642274
-7.2896487
-6.2881086
-4.5542496
-3.2418731
-2.7002193
-1.6375179
3973.843
3968.8757
3964.7625
3962.7083
3961.7877
3961.8983
3962.1986
3961.0334
3952.3357
3977.7121
3961.8419
3963.2329
2850.2332
2848.7805
2853.0585
2838.2553
2858.1051
2832.8133
2846.7955
2823.6501
2414.3462
2395.6672
2402.8697
2394.7962
2403.6054
2393.6684
2393.7786
2390.9443
2388.9857
2384.5589
2379.6536
2374.2719
2373.1241
2314.3959
2314.7225
2315.5797
2316.5246
2317.5715
2318.6437
2319.1139
2318.8766
2059.6736
2055.2332
2042.8326
2029.3545
2016.2772
2007.451
2000.7717
1805.0948
1787.4266
1773.5185
1768.1655
1757.044
1744.1595
1727.6433
1712.479
1694.9238
1493.9731
1462.454
1424.8358
1394.5264
1367.8268
1344.6434
1327.9623
1313.1425
1300.1724
1289.6908
1281.4945
1281.2527
1281.3356
1282.1196
1308.345
1301.239
1309.6224
1317.7263
1319.919
1322.0204
1321.788
840.05118
877.68254
856.10064
862.57556
854.21725
852.73256
867.25691
518.47322
498.50734
498.94305
501.78791
494.99136
484.31208
474.01413
468.27056
468.79123
468.16202
469.40648
-10.041032
-9.3303298
-9.3908332
-9.0833838
-4.5457395
-2.9858333
-2.8774952
-2.4378587
3986.9444
3974.2073
3966.6409
3962.9528
3960.9676
3960.8362
3960.0786
3963.9673
3967.9571
3956.5283
3964.5322
3962.8778
3963.0616
2849.7828
2849.8744
2849.1275
2849.7016
2847.2573
2847.0145
2836.4754
2848.2723
2405.7376
2402.7486
2398.6063
2396.7947
2395.6938
2394.0483
2392.6873
2388.6188
2384.6133
2380.5451
2376.6128
2373.8713
2314.8881
2314.7099
2315.0543
2315.7992
2316.6063
2317.4599
2318.2884
2319.0105
2318.8727
2049.9053
2047.1629
2038.8637
2027.5479
2015.6663
2012.1046
2009.5704
1356.7287
1341.3948
1330.9435
1317.3611
1304.8345
1294.6714
1287.114
1282.8347
1282.4836
1282.2761
1282.3799
1315.4546
1315.6559
1318.6868
1319.7666
1322.125
1321.8195
863.07939
864.68452
867.68217
866.66448
859.9956
875.04922
477.02673
494.93821
502.06169
498.43595
489.96384
481.85117
475.88202
478.94972
476.99207
500.30965
-9.1240052
-8.6838599
-8.0440441
-7.2805184
-6.265129
-3.1231788
-0.89853126
4016.3293
3979.4118
3964.8923
3958.897
3956.2075
3958.7288
3963.8097
3961.1894
3962.7315
3963.3105
3963.0755
3963.0505
3963.062
3963.0546
2849.8097
2849.801
2849.5611
2848.9094
2848.892
2848.1163
2845.4827
2845.6497
2847.1487
2407.2945
2407.2596
2406.8671
2402.288
2398.7842
2395.3591
2396.2117
2394.5809
2391.6339
2388.3459
2384.7838
2381.1324
2377.6183
2375.1026
2314.8053
2314.7376
2315.2597
2315.9231
2316.6485
2317.4025
2318.1321
2318.7401
2318.8083
2047.2939
2047.8206
2044.7124
2037.9415
2028.3442
2017.9172
2014.0943
1336.7609
1331.1041
1320.2534
1306.9534
1296.7344
1289.1665
1284.6516
1283.1797
1282.5437
1282.4273
1282.446
1315.5061
1315.6643
1318.0993
1318.1246
1321.6111
1321.8197
863.64374
865.66485
858.80751
867.7484
868.56657
872.52611
492.64809
513.52183
505.61773
492.90815
477.51714
463.96417
459.08583
471.457
-8.4181542
-8.374477
-8.310122
-5.2277438
-6.6499278
-3.1039818
-5.8631182
)
;

boundaryField
{
    walls
    {
        type            zeroGradient;
    }
    inlet
    {
        type            zeroGradient;
    }
    outlet
    {
        type            fixedValue;
        value           uniform 0;
    }
    frontAndBack
    {
        type            empty;
    }
    movingWalls_patch0
    {
        type            zeroGradient;
    }
}


// ************************************************************************* //
