/*--------------------------------*- C++ -*----------------------------------*\
  =========                 |
  \\      /  F ield         | OpenFOAM: The Open Source CFD Toolbox
   \\    /   O peration     | Website:  https://openfoam.org
    \\  /    A nd           | Version:  6
     \\/     M anipulation  |
\*---------------------------------------------------------------------------*/
FoamFile
{
    version     2.0;
    format      ascii;
    class       volScalarField;
    location    "0.22";
    object      pc;
}
// * * * * * * * * * * * * * * * * * * * * * * * * * * * * * * * * * * * * * //

dimensions      [1 -1 -2 0 0 0 0];

internalField   nonuniform List<scalar> 
9137
(
4461.1986
4460.8127
4460.0469
4458.9141
4457.4371
4455.6519
4453.6129
4451.3997
4449.1253
4446.9515
4444.9909
-3477.9888
-712.15255
-1175.5827
-2349.2968
-2703.0366
-2801.5047
-2854.1297
-2854.9798
-2855.1625
-2855.2202
-2855.2219
-2855.2219
-5059.6309
-4578.2288
-398.51079
-231.39038
217.92887
-2574.2738
-4675.0412
-6892.4379
-1616.8942
-4122.9415
313.85363
610.80092
763.24472
847.31842
1128.7408
1133.4304
1166.0455
-144.91547
-2972.1055
-4311.594
-4753.1638
-4770.3108
-4770.2761
887.50441
887.50442
887.51515
887.53591
887.56311
887.58793
887.60372
887.61206
887.61222
369.61688
369.6171
369.61796
369.61848
369.61848
-12420.017
-7015.9532
-3901.4568
-2336.4616
-2158.6723
-2157.4673
-2158.0914
-2160.2736
-2164.3218
-2170.534
-2178.0447
-2184.1581
-2188.514
-2191.5889
-2193.9544
-2196.057
-2198.1351
-2200.1668
-2201.8324
-2202.5716
-2201.5271
-2197.355
-2187.0948
-3058.4485
-5136.5009
-5650.3412
-6643.601
-6654.9277
-6654.5174
-6654.6183
-6654.6187
-8802.3837
-8802.372
-8801.7026
-8800.4062
-8798.1112
-8794.5056
-8789.1254
-8781.1412
-8768.7596
-8751.006
-8737.1929
-8726.1909
-8716.7414
-8707.8415
-8698.9921
-8689.9644
-8680.7135
-8671.8858
-8669.1931
-8338.408
-7435.4325
-6192.394
-4394.4929
-3331.5578
-3090.4531
-3072.3519
-3071.5659
-3071.0572
4461.5844
4461.1926
4460.4138
4459.2584
4457.7453
4455.9056
4453.7872
4451.4609
4449.0247
4446.6041
4444.1118
4442.3562
1047.8212
2931.8386
901.37022
-678.31763
-2383.5477
-2860.1605
-2857.4479
-2855.4576
-2855.3
-2855.2484
-5118.33
1349.3057
3219.4241
3393.8536
3391.3065
2521.8443
-1846.9064
-2130.0939
1169.2016
832.67397
1917.8626
1851.8371
1816.2465
1055.7071
624.16015
745.10825
831.00215
895.33122
954.34271
997.49168
1030.6857
1057.383
1079.1156
1097.0971
1112.4327
1125.8754
1136.9537
1148.2712
1138.875
937.74298
-953.24351
-3488.0533
-4759.3002
887.49651
887.5037
887.52923
887.56523
887.59681
887.61234
887.61675
369.61655
369.61636
369.6183
369.6188
-7349.032
-2738.2939
-2137.1538
-2154.2914
-2155.2166
-2155.6383
-2156.5331
-2158.4076
-2162.1578
-2169.2356
-2179.4419
-2185.9156
-2189.795
-2192.2983
-2194.2173
-2196.0815
-2198.1815
-2200.533
-2202.7588
-2204.3553
-2204.6547
-2203.4431
-2201.6116
-2205.0522
-2198.8237
-3785.7618
-4834.5152
-6402.4014
-6654.0061
-6654.7123
-6654.6244
-8802.7778
-8802.4374
-8801.4048
-8799.4218
-8796.2802
-8791.7295
-8785.2652
-8777.5098
-8743.3997
-8734.7841
-8725.2567
-8716.1919
-8707.7908
-8699.1706
-8690.1877
-8680.29
-8665.7511
-8391.3194
-7239.6811
-4994.9303
-3382.0181
-3071.8314
-3078.3928
-3077.3095
-3073.0788
-3071.2887
-3070.5486
4462.362
4461.9596
4461.1572
4459.9603
4458.3803
4456.4379
4454.1693
4451.632
4448.9086
4446.1009
4443.304
4440.4587
4437.9303
4365.213
4331.4929
4348.434
4031.8206
1394.6116
-2897.1533
-2873.1213
3383.4844
3396.7841
3394.5417
3390.3418
3384.1353
763.30536
921.46656
1927.583
1912.1759
1897.7696
1777.8051
1647.4692
1592.3174
1529.6578
1312.7571
1051.7102
916.47438
902.5637
922.36408
949.69228
981.47331
1012.2735
1039.7504
1063.6021
1084.0715
1101.6217
1116.7222
1129.4728
1139.9722
1149.0669
1155.0742
1172.475
761.76184
-1265.3557
-3865.6229
887.48042
887.4696
887.51184
887.5715
887.62149
887.63388
887.62572
369.61406
369.62007
369.61953
-4134.997
-2149.4454
-2145.5505
-2150.1068
-2152.2644
-2153.336
-2153.9952
-2154.6657
-2156.666
-2164.8089
-2184.5717
-2190.2674
-2192.4521
-2193.5919
-2194.5351
-2195.8702
-2197.9763
-2201.0247
-2204.3143
-2207.4363
-2209.2932
-2210.1509
-2210.8561
-2212.9391
-2216.5582
-2256.0539
-3948.9527
-5259.7288
-6534.67
-6664.339
-8803.5341
-8804.0793
-8803.3539
-8801.8911
-8799.4639
-8796.1684
-8792.3842
-8721.4679
-8715.3812
-8708.0326
-8699.7648
-8691.229
-8683.6447
-8669.059
-7878.3187
-5510.9202
-3658.996
-3087.5921
-3077.0873
-3075.1904
-3073.5333
-3071.365
-3069.9617
-3069.2998
4463.5419
4463.1266
4462.295
4461.0453
4459.3775
4457.2966
4454.8202
4451.9891
4448.8769
4445.5869
4442.2008
4438.7284
4434.9726
4431.0016
5466.267
4357.0475
4359.9826
4355.3021
4359.2358
4373.7458
4212.7239
3418.6195
3411.9957
3403.9626
3397.1864
3391.3831
3390.2603
3410.0717
1884.621
1923.4217
1907.8945
1868.1655
1789.6617
1694.1911
1605.5992
1500.3581
1347.7509
1187.498
1076.9288
1026.3148
1006.2068
999.07667
1010.2939
1030.0308
1051.7439
1072.4766
1091.178
1107.6377
1121.9326
1134.1448
1144.3943
1152.9487
1159.8786
1166.8657
1165.531
-376.34738
-4656.1158
887.40094
887.47036
887.58719
887.69225
887.66598
369.57061
369.61067
369.62651
-2136.1695
-2142.921
-2145.496
-2148.3208
-2150.3982
-2151.4461
-2151.1874
-2149.0275
-2143.7756
-2148.8126
-2203.7686
-2198.1301
-2196.1542
-2195.0821
-2194.4609
-2194.8878
-2196.8288
-2201.2753
-2206.0374
-2211.7823
-2214.9308
-2217.0114
-2218.7229
-2219.2899
-2214.5189
-2194.6946
-2540.4169
-4551.8243
-6942.839
-8806.1945
-8806.2669
-8805.3249
-8803.5159
-8801.2583
-8797.8624
-8840.3836
-5602.4899
-3081.1165
-3077.6333
-3073.7356
-3071.7484
-3070.2685
-3068.8862
-3067.8935
-3067.3892
4465.1369
4464.71
4463.8508
4462.5485
4460.7877
4458.5507
4455.826
4452.627
4449.0232
4445.1691
4441.184
4437.0684
4432.7286
4427.8424
4422.9627
4419.5507
4419.3367
4397.2286
4365.4476
4364.1141
4360.7233
4359.4614
4358.862
4344.0315
3428.7654
3420.0426
3409.6911
3398.8575
3387.7435
3376.1675
3359.6919
2040.9737
2017.3241
1968.1615
1927.8146
1877.3354
1808.5268
1726.1107
1635.3778
1529.2721
1400.8841
1273.5927
1177.4256
1119.5609
1077.0783
1030.1185
1030.5986
1045.8135
1064.7182
1083.3818
1100.5256
1115.8167
1129.2249
1140.7781
1150.5102
1158.4539
1164.6247
1169.577
1175.8245
56.53083
887.27085
887.37224
887.62657
887.86056
369.50931
369.65982
369.64639
-2143.7638
-2143.7726
-2145.1917
-2147.282
-2149.5616
-2150.7296
-2150.878
-1385.5151
-2235.622
-2203.5192
-2198.9524
-2196.1213
-2193.3384
-2192.3915
-2193.1756
-2201.2102
-2206.7778
-2218.7247
-2221.6361
-2224.241
-2227.7343
-2230.9785
-2227.5328
-2195.5596
-2370.9493
-4527.6322
-8808.8466
-8810.5873
-8809.6259
-8808.2287
-8806.8184
-3627.5647
-3062.6087
-3068.0892
-3068.4735
-3067.7994
-3066.906
-3066.0181
-3065.3369
-3064.9745
4467.1589
4466.7256
4465.8496
4464.5103
4462.6743
4460.2925
4457.3058
4453.67
4449.4195
4444.8823
4440.2974
4435.633
4430.7702
4425.6144
4420.1341
4414.4467
4407.5185
4394.573
4378.126
4370.0013
4364.0156
4359.0247
4353.3349
4343.3508
4336.8367
3454.4672
3442.4144
3429.8594
3415.901
3400.8083
3384.5651
3366.6508
3344.5845
3322.8293
2080.9668
2046.4233
2003.6425
1957.8683
1904.8354
1840.9988
1766.3487
1680.5243
1572.0567
1448.4709
1333.5595
1248.2184
1208.8393
1159.1513
1013.7244
1036.1706
1057.9078
1077.9341
1095.8063
1111.7245
1125.8782
1138.3704
1149.2311
1158.4136
1165.7308
1170.5875
1170.993
1159.1781
1018.8732
887.01203
887.12184
887.70405
888.27122
368.71805
369.39937
369.8397
-2142.7524
-2143.1931
-2144.216
-2146.0541
-2149.8733
-2148.6492
-2202.2402
-2200.5364
-2197.5492
-2190.3802
-2188.1639
-2182.2721
-2203.612
-2201.1389
-2235.7522
-2229.3348
-2231.3763
-2238.2181
-2251.7859
-2275.8714
-2317.7326
-2438.939
-1964.5463
-8815.9998
-8814.8086
-8813.1948
-8811.8711
-3057.3725
-3061.5249
-3063.6416
-3064.27
-3064.0699
-3063.5381
-3062.9433
-3062.4616
-3062.1974
4469.6142
4469.184
4468.3115
4466.969
4465.1064
4462.6393
4459.4347
4455.3275
4450.1025
4444.6432
4439.4905
4434.3959
4429.105
4423.4753
4417.4877
4411.0401
4403.4209
4393.4715
4382.4823
4373.7495
4366.3131
4359.2866
4351.642
4342.388
4331.4129
4318.7884
4306.0269
4292.7482
4278.6295
4263.8689
4250.7798
3949.1639
3460.8373
3466.2576
3456.5804
3441.0577
3423.2446
3403.9091
3383.0574
3360.2224
3334.4975
3302.8095
3266.1776
3228.7604
3192.4508
2169.747
2127.2993
2085.9294
2042.118
1995.1806
1943.1405
1884.2842
1817.758
1738.9263
1652.2239
2445.7289
958.63122
1038.5129
1071.7135
1093.304
1110.1845
1124.688
1137.5989
1149.1468
1159.3612
1168.1809
1175.4668
1181.0017
1184.7078
1189.7643
886.59154
886.3374
887.80611
889.15495
232.47691
342.25254
353.24851
360.98906
365.5181
368.29817
369.89218
370.27933
-2142.0457
-2142.1059
-2142.425
-2142.8448
-2145.1651
-1508.9937
-2203.2077
-2189.5795
-2187.6419
-2149.9692
-2211.1978
-2090.5065
-2044.9952
-2330.4593
-2351.8815
-2336.2139
-8823.7499
-8820.6453
-8817.8994
-8816.1061
-3059.1024
-3059.9232
-3060.6827
-3060.895
-3060.6725
-3060.2332
-3059.7555
-3059.369
-3059.1561
4472.4997
4472.0848
4471.2434
4469.9477
4468.143
4465.7235
4462.4659
4457.8794
4451.0947
4444.5996
4438.6255
4433.3549
4427.7784
4421.6939
4415.3014
4408.8049
4401.6535
4393.4097
4384.5819
4376.2012
4368.2006
4360.1668
4351.5584
4341.9203
4331.2198
4319.0178
4305.7636
4291.7073
4276.7378
4260.824
4243.1392
4225.2991
4206.9566
3957.029
3730.9884
3687.0924
3511.5657
3495.5286
3475.8364
3454.5459
3432.1098
3408.5257
3383.532
3356.6841
3327.3361
3294.7243
3257.7276
3217.356
3171.133
3120.2391
3069.0102
3014.757
2963.8076
2267.8124
2217.3395
2171.3673
2127.8247
2083.7194
2037.5981
1988.262
1935.2391
1879.3222
1822.6002
1061.2511
1095.9519
1113.3839
1126.9395
1139.2425
1150.6828
1161.255
1170.8849
1179.481
1186.9531
1193.2424
1198.4057
1202.637
884.24793
887.90651
891.03506
-187.73686
231.73519
201.87261
348.72779
341.94648
354.99525
363.2875
368.05294
370.33518
371.54928
371.13186
-2141.2174
-2140.7762
-2140.5332
-2139.1834
-2135.6293
-2350.735
-2347.6467
-2346.7237
-8840.9506
-8832.2593
-8825.9629
-8821.5693
-8818.8889
-3058.6852
-3058.4333
-3058.271
-3057.9552
-3057.4919
-3056.9667
-3056.4766
-3056.103
-3055.902
4475.8
4475.4121
4474.6295
4473.4352
4471.7946
4469.6456
4466.8975
4463.6945
4441.6262
4437.2285
4432.5209
4426.9807
4420.579
4413.6173
4407.2244
4400.9785
4393.9319
4386.2344
4378.2726
4370.121
4361.6215
4352.5046
4342.5148
4331.5051
4319.3108
4305.9878
4291.5587
4275.9191
4258.9299
4240.4166
4219.7512
4195.0602
4167.6297
4140.4008
4113.5311
4090.2836
4218.4715
3817.2488
3679.9442
3677.3655
3639.6395
3566.5575
3526.8983
3496.6903
3469.179
3442.1228
3414.5513
3385.8604
3355.6448
3323.4383
3288.666
3250.7821
3209.7901
3165.4895
3116.51
3063.2447
3004.6365
2934.0965
2856.4174
2784.3035
2718.4095
2657.5265
2600.5962
2545.2614
2487.9721
2427.4003
2367.6307
2310.1974
2258.9335
2213.4801
2170.2837
2127.3387
2083.2307
2037.0713
1989.0864
1941.8787
1902.2116
1174.558
1138.6663
1137.3398
1144.9465
1154.6601
1164.6325
1174.3051
1183.4414
1191.9042
1199.6209
1206.6097
1213.0509
1218.8794
879.2243
888.32069
894.39656
901.04565
444.87396
1551.8721
653.73895
1041.8246
758.70526
882.4526
602.89835
403.82487
368.91705
372.46979
373.42397
373.48591
-2137.5001
-2139.1846
-2139.4599
-2139.1577
-2352.3029
-2349.5396
-2345.6446
-2341.3258
-8875.5609
-8862.1486
-8848.872
-8837.6048
-8829.4012
-8823.3684
-8819.4467
-3059.3807
-3058.3815
-3056.9525
-3056.0131
-3055.1631
-3054.3734
-3053.6654
-3053.0813
-3052.6643
-3052.4471
4479.4881
4479.1341
4478.4274
4477.3688
4475.9546
4474.1666
4472.216
4468.8865
4410.1002
4406.0544
4401.1042
4395.1049
4388.1509
4380.5337
4372.3892
4363.6932
4354.3237
4344.1293
4332.975
4320.7324
4307.318
4292.6203
4276.4496
4258.5597
4238.6214
4216.4081
4191.7822
4164.4492
4135.7381
4106.8866
4076.7951
4046.1335
4018.9058
3993.6878
3969.3344
3945.1618
3920.5103
3894.6498
3867.1783
3839.3488
3812.7337
3787.8095
3693.1118
3743.8601
3699.9038
3671.6911
3634.9294
3588.1255
3548.8163
3514.8459
3483.3571
3452.6508
3421.6956
3389.7131
3356.5954
3322.1052
3285.7193
3246.9431
3205.5322
3161.2876
3113.7506
3062.1762
3003.5213
2931.3454
2842.4646
2767.9328
2705.3711
2649.724
2597.628
2546.7818
2495.4437
2443.0668
2391.0686
2341.5538
2295.9899
2253.3369
2212.491
2172.1214
2130.9169
2087.7062
2042.1558
1997.9741
1962.9661
1019.8738
1147.6883
1152.3626
1160.8463
1169.8175
1178.8825
1187.89
1196.6704
1205.0727
1213.0161
1220.5232
1227.7518
1234.1571
1243.3054
865.86197
891.71154
894.72886
912.89154
2093.6981
2124.5783
2153.6265
2157.5822
2178.9867
2032.1231
1750.0831
1467.7949
956.98592
530.81159
379.48518
377.96215
375.99846
-2154.1586
-2139.5163
-2138.9058
-2139.2611
-2355.8658
-2352.2969
-2346.2116
-2337.3134
-2330.2967
-8922.2047
-8902.9239
-8884.378
-8867.0096
-8852.6002
-8840.5627
-8830.6688
-8822.8303
-8817.0447
-3062.9854
-3060.1325
-3057.2776
-3055.2893
-3053.6659
-3052.3108
-3051.1733
-3050.2402
-3049.5191
-3049.0258
-3048.775
4483.53
4483.2088
4482.5772
4481.658
4480.4882
4479.1254
4477.9739
4404.6829
4403.0755
4397.2322
4390.7308
4383.3218
4375.2084
4366.4385
4356.9675
4346.7035
4335.5332
4323.326
4309.931
4295.1547
4278.6988
4260.2372
4239.1017
4215.4771
4189.419
4160.9193
4130.8636
4100.4275
4070.4587
4041.2422
4014.2902
3989.4697
3965.9863
3942.9496
3919.6216
3895.4318
3870.0783
3843.5843
3815.6174
3784.2126
3743.7365
3732.8199
3704.683
3674.5653
3640.2613
3602.1973
3565.394
3530.5205
3496.7527
3463.4265
3429.8674
3394.7001
3358.9176
3322.6685
3285.1613
3245.7382
3204.107
3160.3773
3115.0262
3068.1902
3015.9271
2939.5499
2809.7245
2738.6816
2685.4401
2638.3315
2593.398
2548.9459
2504.1558
2458.9869
2414.239
2371.034
2330.1339
2291.3854
2254.2235
2217.7412
2180.6091
2140.6809
2094.5785
2042.1226
-1512.7141
485.237
1127.1616
1163.5755
1176.2584
1184.8814
1193.1879
1201.702
1210.2766
1218.6994
1226.8468
1234.7151
1242.4062
1250.0717
1257.685
815.53676
1109.5816
1230.1105
937.54895
2038.1084
2063.4803
2087.1923
2116.4866
2139.8157
2155.3844
2170.7867
2178.3239
2189.0781
2128.4831
1854.6881
1091.0868
573.25423
372.65066
-2130.5775
-2137.201
-2139.8877
-2364.5631
-2361.8124
-2357.54
-2348.9428
-2334.5468
-2303.3804
-2970.4655
-6716.1519
-8628.4259
-8979.7202
-9035.3223
-8999.098
-8965.9539
-8934.7136
-8908.5181
-8887.7929
-8870.1063
-8854.702
-8841.3768
-8829.8809
-8820.0064
-8811.3388
-8804.6252
-3112.4845
-3085.9002
-3064.783
-3059.454
-3055.9872
-3053.2615
-3051.0506
-3049.2409
-3047.7691
-3046.6029
-3045.7291
-3045.1451
-3044.8522
4487.8932
4487.5937
4487.0144
4486.1975
4485.2148
4484.1771
4483.3123
4406.7417
4400.7387
4394.2178
4386.8142
4378.6842
4369.8845
4360.4041
4350.1839
4339.1286
4327.1071
4313.9249
4299.3688
4282.953
4263.2058
4240.6581
4216.6845
4189.6965
4159.0119
4126.2747
4093.9524
4063.4803
4034.8711
4007.1031
3983.961
3962.3182
3941.1803
3919.7745
3897.5254
3874.0498
3849.1048
3822.3858
3793.4831
3763.0538
3738.9996
3711.4433
3681.6249
3649.3514
3615.0077
3580.0424
3545.0898
3509.7055
3474.4368
3437.4223
3397.8509
3360.8224
3324.3117
3286.5593
3246.8893
3204.9492
3161.1003
3117.5675
3079.9541
3057.73
3012.7063
2718.1995
2691.6292
2659.3752
2624.7629
2588.6851
2551.4461
2513.245
2474.484
2435.8667
2398.2057
2362.1267
2327.8483
2295.2761
2264.0109
2233.0993
2199.829
2154.8883
2167.5754
-740.23413
270.02808
1210.4345
1198.5192
1195.7301
1200.2603
1207.2865
1215.4518
1224.0341
1232.601
1240.9561
1249.0835
1257.0859
1265.1163
1272.5683
1282.0374
1324.2034
1347.1292
1373.8499
1383.7535
1393.8395
1401.457
1406.5571
724.20626
1484.7144
1472.2427
1703.0884
1989.7021
2237.6318
2674.2159
2876.3309
2657.812
1945.1235
2021.6458
2055.9082
2084.3438
2110.1934
2133.765
2153.3524
2170.4513
2184.3302
2198.088
2212.6556
2219.4779
2102.1623
1322.9383
-114.31593
-2124.7755
-2137.9059
-2215.5867
-403.26933
-2369.0759
-2370.9251
-2366.8652
-2357.4726
-2343.8097
-2329.5957
-2403.9096
-4033.6268
-6516.3552
-9067.0533
-9033.9297
-8998.4457
-8964.808
-8935.46
-8910.636
-8889.3434
-8870.9208
-8854.7246
-8840.3617
-8827.4715
-8815.7127
-8804.729
-8794.2177
-3076.691
-3057.74
-3066.4354
-3062.1217
-3057.7969
-3053.9559
-3050.7189
-3048.0342
-3045.8332
-3044.0595
-3042.6734
-3041.6495
-3040.9732
-3040.6366
4492.5556
4492.2583
4491.689
4490.9029
4489.9961
4489.1217
4488.3602
4417.9241
4412.0338
4405.4586
4398.5877
4391.0327
4382.8293
4374.0113
4364.5806
4354.4994
4343.6903
4332.0483
4319.2935
4304.5732
4289.2037
4273.4068
4019.6129
3997.9827
3976.9525
3958.1448
3939.6781
3920.7699
3900.8446
3879.4886
3856.3986
3831.3364
3804.2788
3775.9968
3748.6809
3720.4651
3691.1394
3660.511
3628.4407
3594.6782
3558.2473
3521.0185
3485.5888
3455.2565
3943.0622
2630.9035
2647.6929
2635.6679
2612.658
2585.1315
2554.9067
2522.8918
2489.8362
2456.5352
2423.7968
2392.317
2362.6043
2335.0229
2309.9293
2287.9462
2270.6467
2268.2966
2323.7161
-960.69339
-60.497544
915.28687
1201.1859
1207.8823
1213.1435
1220.2441
1228.7849
1237.8063
1246.7138
1255.2927
1263.5766
1271.7367
1279.995
1288.5173
1297.0822
1258.6531
1292.2361
1349.2222
1367.46
1384.5369
1396.5173
1403.6226
1409.5251
1416.5362
1423.0502
1485.7561
1484.681
1305.8424
2098.5952
1531.8121
1776.6537
1711.1698
1801.1461
2007.8613
1956.9528
1869.898
1931.9289
1972.0631
2014.822
2051.2466
2081.6219
2106.1778
2131.6975
2153.8087
2173.3353
2190.4572
2206.2875
2221.1012
2233.4166
2245.9302
2220.6111
-2110.7341
-2088.0651
-2037.7917
-1959.9676
-2370.9227
-2385.656
-2381.523
-2370.2724
-2353.6237
-2331.9125
-2356.0944
-4940.673
-9137.1443
-9075.4352
-9035.7896
-8999.4648
-8964.2048
-8933.8135
-8909.2223
-8888.0241
-8869.5091
-8852.9138
-8837.874
-8823.9306
-8810.6437
-8797.4322
-8782.5293
-8765.6948
-8747.2242
-8727.972
-8638.1796
-6869.1628
-3605.4458
-3086.3634
-3072.6735
-3066.1431
-3060.6066
-3055.6564
-3051.3208
-3047.6241
-3044.5344
-3041.9983
-3039.9624
-3038.3817
-3037.2225
-3036.4616
-3036.0845
4497.5152
4497.1949
4496.5801
4495.7288
4494.7451
4493.8083
4492.8
4430.8665
4424.124
4417.539
4410.818
4403.641
4395.8994
4387.5891
4378.7507
4369.4074
4359.5431
4349.0846
4337.2389
4325.5907
4313.5018
3984.0352
3968.9576
3953.6298
3938.6166
3922.7815
3905.5931
3886.661
3865.6621
3842.2813
3816.2991
3787.9727
3759.2627
3730.5975
3701.955
3673.1144
3641.8798
3609.8229
3578.4647
2634.0304
2622.6155
2605.0677
2584.2741
2560.1545
2533.5777
2505.4319
2476.6413
2448.1258
2420.741
2395.2299
2372.2821
2352.7355
2338.1111
2332.0875
2349.5652
-943.36628
-549.10741
556.34329
1175.3597
1221.4695
1224.1859
1231.7622
1241.636
1251.6921
1261.1548
1269.9239
1278.1932
1286.2893
1294.6085
1303.6101
1313.4102
1325.501
2780.0353
1169.3461
1257.7226
1302.8431
1336.6224
1362.3134
1390.3537
1404.1188
1407.2152
1410.0874
1416.5571
1428.7316
1454.3067
1471.5289
1440.9501
1466.667
1500.0011
1513.3349
1558.1944
1604.3814
1669.0759
1759.4258
1833.0285
1916.3377
1981.4733
2010.6919
2052.6339
2084.7189
2101.1976
2133.0385
2156.8487
2178.6237
2197.875
2215.5032
2232.0443
2247.1571
2259.5507
2261.1214
2325.4265
-1386.8013
-2121.2525
-2069.5751
-2037.6764
-2013.7581
-2011.2246
-176.63325
-2443.9147
-2416.7597
-2403.2984
-2388.4705
-2368.5001
-2337.0761
-2749.9613
-5401.2705
-8950.7205
-8927.8439
-8905.6655
-8885.7776
-8866.1775
-8849.5476
-8834.2899
-8819.733
-8805.4995
-8791.1693
-8776.0501
-8759.1239
-8740.2773
-8719.1819
-7110.0405
-3947.7641
-3181.0543
-3078.7167
-3071.8897
-3064.8572
-3058.5052
-3052.9012
-3048.0471
-3043.9224
-3040.481
-3037.6634
-3035.41
-3033.6686
-3032.3974
-3031.5662
-3031.1553
4502.7948
4502.4257
4501.7078
4500.687
4499.4472
4498.1348
4496.4889
4496.8676
4444.6619
4437.4228
4430.3842
4423.5862
4416.6328
4409.2594
4401.3348
4392.8767
4383.9951
4374.7555
4365.1813
4354.8995
4344.9131
3958.8084
3950.2701
3938.3761
3926.1455
3912.0842
3895.8974
3877.3075
3855.8265
3830.6621
3800.3328
3769.8015
3740.706
3712.972
3686.0728
3661.7575
2613.0987
2601.761
2586.7397
2567.8576
2545.8299
2521.6708
2496.4695
2471.3258
2447.2896
2425.2921
2406.1403
2390.6215
2379.6735
2374.4925
2375.8914
-926.24495
-93.228192
905.79244
1223.1678
1230.369
1240.9808
1254.3051
1266.1706
1276.2889
1285.0547
1292.9829
1300.6185
1308.54
1317.4245
1328.2439
1343.1188
1367.0612
1394.7251
1428.1797
1510.4273
1272.9104
1292.7401
1311.9728
1332.1116
1354.8175
1410.4453
1422.3883
1411.0313
1407.4326
1411.4856
1421.1941
1435.2574
1445.757
1446.8343
1462.7421
1485.6931
1509.0022
1541.1976
1569.9123
1610.3292
1780.4795
1809.2622
1922.3535
2072.7957
2312.7523
2892.7111
3010.8622
2124.189
2142.4092
2161.9238
2186.4351
2206.9156
2225.8054
2244.4158
2263.6157
2285.6776
2317.8775
2344.1299
-158.53627
-4846.3516
-4024.7603
-3960.8808
-3202.511
-1872.9929
-2041.7524
-2041.2825
-2027.0459
-2013.1881
-2006.3633
-2339.2075
-2463.4625
-2442.1042
-2426.4404
-2411.811
-2394.83
-2360.8264
-2732.6086
-8876.7952
-8861.7076
-8845.7419
-8830.0051
-8815.2122
-8800.4521
-8785.6953
-8770.2209
-8753.5591
-8735.4708
-8000.8621
-6649.9297
-4250.9426
-3100.8095
-3081.9936
-3071.3116
-3062.8908
-3055.6561
-3049.3964
-3044.0441
-3039.5377
-3035.8038
-3032.7643
-3030.3459
-3028.4853
-3027.1325
-3026.2504
-3025.8153
4508.4436
4508.0052
4507.1381
4505.8641
4504.2218
4502.2718
4500.0909
4497.5626
4495.1878
4474.4911
4467.5537
4459.0071
4450.836
4443.357
4436.502
4429.7884
4422.8681
4415.4284
4407.3036
4398.5882
4389.5978
4380.4385
4371.0585
4362.1208
3946.196
3939.5077
3931.3389
3920.6993
3907.5371
3891.8414
3873.0534
3848.9275
3811.4
3779.4717
3750.1181
3722.9868
3700.5814
2607.3484
2603.6566
2593.0632
2578.7026
2560.2116
2538.95
2516.2406
2493.4151
2471.8008
2452.5088
2436.3656
2423.9354
2415.4699
2410.6836
2408.2965
-734.33523
253.05784
981.13145
1233.14
1247.4879
1268.4315
1282.396
1292.7752
1301.0231
1308.0649
1314.6618
1321.5083
1329.3039
1338.8538
1351.1722
1367.1954
1384.791
1400.8325
1406.0572
1338.0325
1322.9209
1321.3137
1324.1468
1304.9518
1474.2219
1463.9573
1407.0887
1397.1254
1400.7577
1409.3012
1419.772
1429.4061
1437.8881
1451.7738
1471.0265
1495.7831
1532.6617
1627.1843
4141.4471
5162.9041
4495.5889
2227.8533
2163.9622
2198.2772
2217.5466
2236.3866
2256.1968
2277.2129
2301.6646
2333.8238
2379.5447
1952.9115
-2461.1475
-4385.8207
-4204.8279
-4166.8089
-4086.3583
-3185.0712
-2073.4235
-2018.7975
-2035.137
-2026.7564
-2016.0368
-2005.1609
-1996.4806
-2668.8509
-2492.3848
-2476.3037
-2461.7542
-2448.5481
-2437.5028
-2431.0384
-2342.1675
-8838.1968
-8825.3932
-8811.357
-8796.2436
-8780.9392
-8765.5792
-8749.4207
-8733.6642
-8089.0001
-6332.4849
-4110.9343
-3225.4795
-3077.1366
-3068.4725
-3059.7383
-3051.832
-3044.9843
-3039.1954
-3034.3807
-3030.4323
-3027.2444
-3024.7239
-3022.7944
-3021.3967
-3020.4879
-3020.0403
4514.5305
4514.0132
4512.9752
4511.4093
4509.3041
4506.6395
4503.3688
4499.3529
4493.5285
4486.8395
4478.751
4470.6616
4462.9118
4455.5949
4448.8567
4442.478
4436.1974
4429.6223
4422.2828
4413.8633
4404.5751
4394.9899
4386.0585
4377.5866
3944.8839
3942.5482
3939.0025
3931.8365
3921.7079
3909.4675
3895.788
3882.6514
2607.5463
2604.6237
2593.6754
2577.3607
2557.6759
2536.1252
2514.2954
2493.988
2476.5762
2462.8783
2453.2859
2447.5822
2444.3824
2440.9406
661.82119
1234.5029
1265.1119
1289.5376
1302.2062
1311.3924
1318.1973
1323.5919
1328.4556
1333.5273
1339.4288
1346.6945
1355.6913
1366.227
1376.5055
1382.3735
1377.2686
1351.3986
1333.3351
1857.5991
1575.0294
1561.6346
1356.2396
1373.2227
1385.1182
1395.4805
1405.122
1414.2078
1423.5369
1435.4375
1450.8559
1470.6324
1470.1191
2209.5894
2214.6945
2228.6067
2245.9975
2266.7726
2287.3723
2309.9447
2336.2078
2357.4953
921.93328
-1409.0569
-3718.348
-4174.7766
-4151.8607
-3713.0273
-2618.0003
-2280.3175
-2019.5983
-2021.3254
-2014.5695
-2005.1839
-1994.9236
-1984.7989
-1974.7857
-3832.9581
-2514.8619
-2509.138
-2493.513
-2480.0607
-2468.495
-2458.6137
-2450.9541
-136.02418
-8789.0895
-8776.6828
-8761.5998
-8744.7111
-8725.778
-8692.6404
-8051.4563
-4121.4069
-3086.6975
-3076.5293
-3065.7037
-3055.7581
-3046.9496
-3039.5136
-3033.3724
-3028.3576
-3024.3005
-3021.0571
-3018.511
-3016.5719
-3015.1722
-3014.2643
-3013.8177
4521.1346
4520.5419
4519.34
4517.4936
4514.9456
4511.6134
4507.3917
4502.1736
4495.9107
4488.6838
4481.0214
4473.6643
4466.6296
4460.0549
4453.9963
4448.3561
4442.9007
4437.1412
4430.2176
4421.1253
4410.4407
4401.1872
3946.115
3946.9574
3950.2853
3945.9352
3937.992
3928.5324
3918.9098
3910.1507
2629.5231
2625.4546
2614.0104
2597.8781
2578.2659
2556.2896
2533.6511
2513.2805
2496.9307
2485.2868
2478.7419
2477.1946
2478.1895
2465.7881
1311.1033
1317.9513
1325.4983
1332.3906
1336.7815
1339.6495
1342.0415
1344.7163
1348.1893
1352.8042
1358.6724
1365.5136
1372.5803
1377.9285
2127.1917
1268.2246
1349.2083
1371.0111
1382.3804
1391.0281
1398.7639
1406.6142
1415.5829
1426.326
1439.1243
1585.4206
2224.553
2235.5687
2252.2236
2277.5228
2295.5602
2314.5331
2343.5672
2056.5847
-773.57639
-3179.2399
-4183.565
-4159.0323
-4078.1287
-3237.1577
-2678.8787
-2134.4742
-2030.3769
-2015.122
-2005.0124
-1995.2058
-1984.5886
-1972.9984
-1961.8554
-1955.8168
-9372.6047
-8479.3352
-3784.2153
-2546.9589
-2523.8794
-2508.55
-2496.4803
-2486.7574
-2477.5028
-2460.4464
162.78828
-8324.6282
-7967.5176
-3935.5801
-3070.4012
-3062.0551
-3050.6408
-3040.6947
-3032.7483
-3026.4233
-3021.3767
-3017.3552
-3014.1726
-3011.6912
-3009.8099
-3008.4559
-3007.5794
-3007.1486
4528.3313
4527.6798
4526.3491
4524.2796
4521.3713
4517.4765
4512.4111
4506.0387
4498.5312
4490.8059
4483.3275
4476.3446
4469.8876
4463.9983
4458.7178
4454.0494
4449.9081
4445.8243
4440.2744
4429.6542
3971.8193
3970.1741
3963.628
3955.7922
3947.7613
3940.4473
3934.0255
2633.0917
2654.2095
2639.0313
2621.8722
2601.2194
2577.1148
2550.7407
2528.5522
2512.5808
2502.593
2499.2055
2504.2584
2522.0039
2570.6877
-158.79771
1340.8147
1350.8332
1355.8898
1356.8883
1356.1829
1355.3443
1355.1069
1355.8083
1357.6608
1361.3615
1364.9793
1369.3296
1354.4862
1363.5884
1372.0011
1377.8447
1383.2068
1388.5711
1393.9526
1396.1858
1397.7145
2239.6655
2246.472
2295.5353
2302.8115
2312.3877
2377.9779
1340.8435
-4128.9426
-4088.8336
-4036.3971
-3933.9218
-3398.6484
-2624.2105
-2099.9309
-2011.1493
-2003.7734
-1995.1523
-1986.0383
-1975.2265
-1960.8347
-1942.421
-1913.7073
-4458.3773
-10039.487
-9840.9576
-9820.6718
-9811.9921
-9786.7427
-9757.981
-9728.4823
-9698.9063
-9669.3832
-9640.532
-9576.3901
-9201.8181
-5877.4201
-3473.5929
-2539.0352
-2530.8708
-2520.327
-2510.5534
-2504.5513
-2504.1938
-2517.2043
-2106.0248
-2938.8909
-3067.3216
-3044.0557
-3032.4403
-3024.3619
-3018.1958
-3013.3708
-3009.5713
-3006.5871
-3004.2713
-3002.5205
-3001.2625
-3000.4486
-3000.0489
4536.1794
4535.4968
4534.0972
4531.9043
4528.7832
4524.5105
4518.7369
4511.0389
4501.3695
4492.6814
4485.1381
4478.4991
4472.5777
4467.3334
4462.8268
4459.216
4456.8579
4456.1237
4454.1952
4015.6651
3997.7734
3982.6106
3973.7888
3966.2745
3959.9152
3953.7387
1111.3084
2675.7066
2666.0289
2649.3592
2627.6233
2600.2109
2563.6441
2537.609
2522.2469
2513.303
2511.2231
2518.634
2552.9747
2357.1125
-2843.1825
1366.1985
1381.8703
1383.447
1378.6989
1372.8492
1368.0456
1364.5588
1363.2714
1361.7408
1361.5256
1362.4088
1362.003
1365.1433
1367.6448
1370.5108
1373.5174
1375.079
2185.8055
2331.2396
2307.3394
2262.9441
-3846.3684
-3748.7269
-3026.9619
-2502.2775
-2016.8378
-2003.0482
-1993.67
-1985.7852
-1978.5687
-1969.4442
-1952.693
-1930.9397
-1926.4484
-3100.4444
-7302.06
-9740.6391
-9870.0472
-9824.6782
-9791.4709
-9760.8292
-9730.8253
-9700.9111
-9670.7414
-9639.6669
-9605.7154
-9514.9724
-7639.889
-4192.032
-2549.1041
-2540.2415
-2531.3339
-2520.8551
-2516.7007
-2517.5164
-2522.7912
-2540.4182
-2952.2801
-3026.5356
-3020.649
-3014.0634
-3008.6274
-3004.3394
-3000.9721
-2998.3332
-2996.2866
-2994.7384
-2993.6249
-2992.9038
-2992.5494
4544.7099
4544.0307
4542.6383
4540.457
4537.3468
4533.0448
4526.9875
4518.3348
4503.6483
4493.412
4486.0444
4479.9361
4474.591
4469.9306
4466.0404
4463.1298
4462.184
4467.1937
4495.276
4988.8405
4181.4273
4003.9861
3995.252
3990.4774
3983.6337
3976.9602
3970.1748
3986.3888
4078.3399
-945.84428
2398.4151
2700.0175
2681.909
2659.7059
2632.4614
2562.4051
2534.9414
2525.3444
2516.6194
2513.4529
2503.7459
2254.0839
1393.5766
-4532.419
-7042.4546
-6967.9195
1446.462
1428.8645
1417.3292
1401.6101
1388.4693
1379.4299
1373.0006
1367.6704
1353.1932
1351.8845
1351.7201
1352.3082
1353.0434
1353.4554
-6146.3464
1943.2474
1168.0375
1805.0233
164.11512
-3566.7251
-3285.7724
-2546.0406
-1997.1453
-1990.5359
-1982.0731
-1975.7498
-1973.0071
-1971.2885
-1949.5535
-1929.012
-1926.1887
-4194.1464
-8231.608
-9954.506
-9859.6331
-9825.6715
-9793.6983
-9762.9987
-9733.0519
-9703.1874
-9673.2003
-9642.9629
-9612.4821
-9556.0149
-9467.2758
-7221.4091
-4576.1133
-2688.8118
-2547.4824
-2524.8324
-2523.8799
-2526.3798
-2532.7649
-2544.8322
-2550.8651
-2557.6082
-3023.2322
-3022.2285
-3009.5568
-3002.6155
-2997.9109
-2994.3876
-2991.6445
-2989.4872
-2987.8034
-2986.5217
-2985.5949
-2984.9924
-2984.6955
4553.9196
4553.2777
4551.9685
4549.9388
4547.1019
4543.3349
4538.4906
4533.8773
4497.5908
4491.6708
4485.6917
4480.6102
4475.9194
4471.758
4468.2743
4465.0793
4461.5547
4455.9512
4438.008
4402.609
4792.9843
4017.5663
4015.0614
4009.2355
4000.8222
3991.8373
3984.1065
3980.8324
3949.193
3935.7897
3929.6323
-2105.3088
27.427081
2199.6643
2677.8729
2692.8521
2640.9914
2615.4553
-7367.0354
-6513.3124
-6940.8968
-6927.049
-6886.0463
132.16152
1468.2149
1455.3942
1421.944
1399.9093
1388.5509
1379.5175
1342.8888
1336.1467
1335.0406
1333.9592
1332.9298
1332.4232
-5545.4555
-2390.287
-894.02968
-1197.9814
-3892.4616
-3012.2544
-2241.7682
-1997.8619
-1979.8767
-1968.337
-1962.1338
-1966.4216
-2002.5134
-1942.0691
-1909.0837
-4284.389
-8731.7304
-10147.667
-10031.272
-2659.667
-2526.1444
-2527.4843
-2531.3286
-2537.5797
-2545.7128
-2553.6353
-2563.5996
-2572.9459
-2698.036
-2998.7491
-2992.7345
-2988.9307
-2986.0135
-2983.6557
-2981.731
-2980.1677
-2978.9183
-2977.9501
-2977.2408
-2976.7754
-2976.5449
4563.7713
4563.1918
4562.0191
4560.2275
4557.7876
4554.7016
4551.1507
4548.4142
4488.1931
4484.8471
4480.5633
4476.5554
4473.2729
4470.8431
4467.3583
4463.0046
4457.0484
4448.8537
4443.7097
4447.8099
4413.3526
4031.2663
4038.1909
4030.5804
4018.5829
4005.4593
3992.291
3978.5411
3958.564
3941.2107
3925.5188
3910.7357
3895.7362
3881.8132
-2946.7767
-2714.7673
-1370.1956
-1173.69
-528.29348
-947.10213
-6904.7241
-6881.2143
-6860.5323
-6833.0038
-6809.7068
-6791.7684
-7498.1823
-2597.0412
1246.3394
1385.328
1428.1311
1404.0355
1319.1355
1317.0958
1315.557
1314.1899
1314.2678
1307.1555
-5981.984
-5985.1261
-5143.7721
-3411.3879
-5927.2604
-3422.7622
-2225.7825
-1982.9205
-1962.7722
-1949.2645
-1938.0268
-1918.7885
-952.45556
-2541.7205
-2547.1574
-2554.9242
-2568.9799
-2582.8607
-2596.8093
-2918.8356
-2966.2722
-2973.7015
-2974.3595
-2973.5566
-2972.4909
-2971.4562
-2970.5343
-2969.7519
-2969.1197
-2968.6427
-2968.3235
-2968.1637
4574.2024
4573.6992
4572.6888
4571.1647
4569.1191
4566.5341
4564.0536
4558.401
4483.6043
4481.6987
4472.0977
4472.1587
4466.057
4460.3842
4455.0298
4451.876
4451.7086
4453.0628
4453.2209
4452.6123
4451.5947
4450.3864
4449.0713
4447.7444
4145.1919
4098.6388
4075.8551
4056.3121
4037.4688
4019.1261
4001.0571
3982.4757
3962.414
3943.2393
3925.5806
3908.5115
3891.5169
3873.6114
3855.5725
3838.4536
3822.9847
-2693.5211
-2758.7537
-2824.6812
-2825.4139
-3341.1333
-6859.7682
-6838.3081
-6816.3059
-6797.2206
-6781.9319
-6770.3363
-6762.1476
-7130.1253
-4828.2964
-3507.8856
-3450.3711
1299.5953
1297.7462
1296.9842
1296.4566
1295.698
1296.8514
1298.8641
-5977.5173
-5974.5385
-5976.3623
-5798.0904
-5894.4656
-2138.3308
-1964.6154
-1939.0272
-1927.922
-1919.6968
-1918.3563
-2547.6361
-2548.4656
-2574.9824
-2591.6475
-2607.8697
-2621.0063
-18.271931
-3009.0413
-2965.4932
-2961.44
-2961.2489
-2961.3628
-2961.295
-2961.0687
-2960.7614
-2960.4353
-2960.134
-2959.8867
-2959.7125
-2959.6227
4585.1368
4584.7138
4583.8722
4582.6233
4580.9907
4579.0208
4577.5753
4479.395
4470.1222
4463.4017
4459.0055
4456.4017
4455.2652
4454.8023
4454.1504
4453.1376
4451.8471
4450.3778
4448.7825
4446.9757
4445.1716
4443.3447
4227.0689
4203.2155
4146.2218
4110.278
4081.3435
4055.8548
4032.5186
4010.3347
3987.8906
3965.3761
3943.7515
3923.7766
3905.3667
3887.4351
3869.5279
3851.2356
3833.007
3813.9007
3794.1119
3776.2445
3758.911
3741.5118
3724.5433
3708.698
3695.4299
3670.328
2640.8109
1517.6015
311.17298
-1059.8982
-2527.5911
-2642.5401
-2718.5951
-2773.6212
-2924.2783
-6816.3754
-6797.098
-6781.2883
-6768.5873
-6759.7292
-6756.4811
-6756.3717
-6761.4304
-6989.4422
-7043.6126
-7081.9942
-7565.9771
1277.1751
1277.2428
1278.1757
1278.953
1279.1375
1278.6519
1281.1811
1231.0679
-5978.2721
-5975.7427
-5969.0611
-5959.7862
-5937.9068
-5912.365
-2364.5318
-1887.6092
-1900.7991
-1901.7968
-1902.8555
-2489.8746
-2587.7323
-2601.3916
-2620.9467
-2631.222
-2639.3369
-2645.5261
-2863.9791
-2925.046
-2940.3928
-2945.3164
-2947.8336
-2949.3505
-2950.2577
-2950.7624
-2951.0072
-2951.094
-2951.0944
-2951.0578
-2951.017
-2950.9919
4596.4942
4596.147
4595.4631
4594.466
4593.1992
4591.7458
4590.5063
4531.4079
4474.3
4464.0947
4461.1889
4459.4602
4458.0501
4456.7699
4455.4178
4453.9148
4452.2654
4450.5042
4448.6504
4446.695
4444.5805
4442.1429
4439.597
4436.969
4325.494
4292.6314
4255.0488
4218.1279
4176.0743
4137.6912
4102.9298
4072.0874
4044.7589
4018.6176
3992.0084
3967.5008
3944.0415
3921.8129
3901.7433
3883.3281
3864.7403
3845.9823
3827.6605
3809.4049
3790.9114
3773.0385
3755.9117
3739.2882
3723.0152
3706.8762
3690.0577
3668.7341
3646.4634
3363.1653
2377.3085
1107.7028
-815.25156
-2529.1337
-2613.0001
-6774.5881
-6761.8762
-6751.7428
-6745.0912
-6742.7506
-6746.6525
-6764.1532
-6794.856
-6853.4918
-6931.4243
-7000.4724
1252.3007
1256.0736
1259.5235
1262.0424
1263.2444
1262.2771
1256.4441
1257.0289
-5982.3284
-5975.6657
-5966.8459
-5955.8135
-5940.7361
-5897.1911
-1854.0088
-1869.7878
-1875.1302
-1879.2211
-108.84617
-2612.2259
-2605.2398
-2642.5803
-2647.1172
-2648.3406
-2649.9464
-2653.0244
-2655.4916
-2911.8318
-2907.0077
-2916.7309
-2925.7155
-2931.5992
-2935.4186
-2937.9478
-2939.623
-2940.7158
-2941.411
-2941.839
-2942.0917
-2942.2331
-2942.3058
-2942.3359
4608.1988
4607.9169
4607.3672
4606.5784
4605.595
4604.4794
4603.316
6402.7606
4437.6934
4457.4884
4462.195
4462.2001
4460.705
4458.8095
4456.8364
4454.8386
4452.7955
4450.7233
4448.6203
4446.4474
4444.143
4441.6395
4438.8072
4435.2648
4430.8685
4425.8997
4419.4839
4410.1657
4396.1341
4375.4395
4346.5408
4315.0979
4280.4348
4243.2623
4202.2564
4160.1574
4119.4878
4084.6367
4055.1567
4031.9318
3912.7797
3897.1802
3879.6124
3861.2079
3841.417
3822.2467
3804.027
3785.9379
3768.7772
3752.4629
3736.7666
3721.3013
3705.5068
3688.3686
3668.0701
3643.354
3608.749
3396.5025
2595.5409
40.281472
-2437.6084
-6752.7288
-6738.6985
-6731.418
-6726.146
-6724.46
-6727.516
-6737.7332
-6760.1878
-6808.3567
-6458.3239
-6447.512
1227.4829
1235.4706
1241.8013
1246.4473
1249.5217
1250.7647
1249.7737
1247.8136
-5998.1315
-5989.4083
-5978.2242
-5966.8424
-5955.8856
-5947.4345
-5912.7793
-1841.7406
-1846.8323
-1850.0583
-1851.1604
-1355.2232
-2312.0454
-2368.4402
-2697.0174
-2665.005
-2656.0339
-2654.3365
-2655.3509
-2657.2675
-2659.423
179.45714
-2957.8373
-2916.2645
-2903.3566
-2907.4136
-2914.1391
-2919.9464
-2924.2938
-2927.3992
-2929.5708
-2931.0667
-2932.082
-2932.7592
-2933.2004
-2933.477
-2933.6371
-2933.7102
4620.1856
4619.9549
4619.5107
4618.8855
4618.1229
4617.2663
4616.2812
5198.4716
4458.6164
4465.9701
4467.9028
4466.4403
4463.7604
4460.927
4458.2795
4455.8082
4453.3548
4450.9734
4448.6599
4446.3317
4443.9044
4441.3046
4438.4586
4435.3089
4431.756
4427.8765
4423.2732
4416.3992
4405.5028
4389.62
4368.306
4341.9529
4309.4289
4270.8266
4227.6458
4186.4626
3832.2654
3816.6691
3799.3847
3781.0678
3763.6685
3748.3954
3734.013
3719.9156
3705.4799
3689.8385
3671.8245
3650.1315
3622.6078
3588.3417
3345.51
-2075.6681
-6712.6797
-6707.7994
-6703.6158
-6701.4295
-6701.2204
-6702.8745
-6707.1761
-6556.2807
-6535.0973
-6510.994
-6488.1153
-6464.952
-6440.8877
-6417.4696
-6394.6206
-6371.6668
-6348.6281
-6328.2325
1192.8236
1207.1252
1217.2917
1225.7643
1232.4244
1237.628
1241.4873
1244.0239
1245.5655
-6011.7735
-5997.1133
-5981.3953
-5966.4144
-5953.4511
-5944.4239
-5943.173
-1823.1623
-1825.5537
-1826.8797
-1825.6696
-631.03961
-2404.3713
-2646.5597
-2664.1807
-2659.8513
-2656.4536
-2655.7464
-2656.7825
-2658.6934
-2661.1921
-2663.9716
-2666.8422
-2220.7585
-2511.4684
-2595.5107
-2861.6249
-2875.2394
-2885.8878
-2895.4277
-2903.4809
-2909.7533
-2914.4108
-2917.7845
-2920.1943
-2921.8983
-2923.0911
-2923.9154
-2924.4736
-2924.8375
-2925.0556
-2925.1575
4632.4031
4632.2065
4631.8352
4631.3303
4630.7452
4630.1307
4629.4709
4797.323
4473.6361
4479.8733
4477.0055
4471.8981
4466.9695
4462.8588
4459.5468
4456.6134
4453.6826
4451.1038
4448.6959
4446.296
4443.8175
4441.1981
4438.4063
4435.4828
4432.7205
4430.8408
4430.0745
4426.152
4419.5412
4409.678
4395.5949
4374.9815
4343.0927
4304.3102
3771.836
3757.5234
3744.4645
3730.9731
3718.8673
3706.6582
3693.6808
3679.2558
3662.738
3643.2139
3618.2075
3568.324
2910.855
-6686.1908
-6682.1573
-6679.0939
-6676.4255
-6673.0616
-6666.7018
-6654.1542
-6613.0765
-6571.8173
-6540.1127
-6513.6165
-6488.7063
-6464.6899
-6441.4147
-6417.3468
-6392.7736
-6368.135
-6343.2768
-6316.4105
-6288.2678
-6260.0282
-6232.0033
-6208.4502
1135.5533
1155.8655
1173.9215
1189.517
1201.649
1211.5389
1219.8569
1227.0801
1233.5295
1239.3652
1244.5955
-6058.4375
-6031.1987
-6006.1265
-5983.8294
-5963.968
-5947.0805
-5933.7912
-5924.6801
-5913.9629
-1804.9463
-1805.586
-1805.7004
-1803.6948
-1036.4164
-2321.3085
-2668.014
-2651.4177
-2653.2947
-2653.766
-2654.1829
-2655.413
-2657.339
-2659.657
-2662.2319
-2665.1426
-2668.6965
-2672.9627
-2677.5517
-2682.7704
-2689.0825
-2696.9996
-2707.5068
-2752.0631
-2638.9378
-2682.5569
-2787.16
-2841.9071
-2869.5276
-2884.9285
-2894.6035
-2901.1752
-2905.8119
-2909.1335
-2911.5235
-2913.2409
-2914.4687
-2915.3377
-2915.941
-2916.3438
-2916.5901
-2916.7069
4644.8173
4644.633
4644.2935
4643.8556
4643.3965
4643.0033
4642.7521
4584.9828
4523.2146
4504.0681
4488.2916
4476.9003
4469.1844
4463.8844
4460.2883
4457.98
4435.106
4440.8092
4436.832
4433.9559
4429.4154
4419.2987
4383.0833
3737.2967
3727.8324
3717.9218
3708.604
3698.9698
3688.7807
3678.3513
3669.298
3667.0042
3690.1285
3766.6065
-6657.2892
-6655.387
-6654.1774
-6652.118
-6647.9029
-6639.6235
-6624.4969
-6598.1717
-6568.1957
-6540.7207
-6514.8715
-6489.898
-6465.3822
-6441.0156
-6416.143
-6390.577
-6364.948
-6339.0036
-6312.3304
-6284.1588
-6255.0748
-6225.8076
-6194.7235
-6162.0797
-6130.6668
-6011.0899
-5788.6847
-4346.4515
-734.90612
856.23581
1041.4655
1109.7406
1124.5635
1145.6118
1161.4695
1175.9111
1188.2469
1198.8861
1208.3847
1217.3037
1226.187
1235.5654
1246.5902
1256.7544
1296.3906
1326.9774
-1922.8681
-5544.061
-6365.6262
-6198.607
-6143.4117
-6087.2706
-6046.372
-6013.1047
-5983.8275
-5958.5478
-5937.1117
-5919.512
-5905.665
-5895.6182
-1785.3823
-1789.4706
-1787.4202
-1786.246
-1783.9962
-2532.9438
-2584.3354
-2626.9884
-2637.8028
-2643.8145
-2647.7351
-2651.0991
-2654.3836
-2657.5035
-2660.3633
-2663.0842
-2665.9124
-2669.0347
-2672.6706
-2676.8124
-2681.5156
-2686.9709
-2693.3603
-2700.6504
-2707.5257
-2686.7452
-2707.436
-2762.551
-2835.7014
-2865.3871
-2880.1553
-2888.8294
-2894.5321
-2898.5278
-2901.4144
-2903.5252
-2905.0732
-2906.2052
-2907.0256
-2907.6087
-2908.0066
-2908.2542
-2908.3729
4657.4161
4657.2146
4656.8506
4656.4019
4655.9825
4655.7373
4655.8893
4564.2326
4558.5235
4539.4905
4521.8105
4461.6604
4456.3948
4459.8985
4468.8128
4486.7477
4492.029
5024.7859
3722.8806
3717.0008
3710.8663
3704.8142
3698.5454
3692.5883
3688.6284
3690.3811
3704.5727
3725.7068
4994.0041
-6625.2034
-6628.218
-6630.117
-6629.9698
-6626.8059
-6619.3946
-6606.3955
-6587.0299
-6563.8721
-6539.7037
-6515.2519
-6490.6324
-6465.9259
-6441.1235
-6415.6336
-6388.444
-6362.0775
-6335.4594
-6307.9418
-6279.3716
-6250.0373
-6220.2348
-6189.9203
-6158.0576
-6123.6972
-5619.5632
-2568.369
4.0448884
1017.3693
1029.6436
1057.0215
1092.675
1115.3307
1134.4955
1150.5051
1164.4098
1176.542
1187.3725
1197.4911
1207.5646
1218.3464
1230.7731
1246.2365
1267.5519
1302.7711
1346.111
1374.2855
-554.90921
-5074.8768
-6204.5923
-6148.6997
-6102.5556
-6057.3904
-6016.0929
-5979.8284
-5949.2842
-5923.3069
-5901.4802
-5883.3603
-5869.8666
-5208.9545
-4516.1482
-3931.3775
-2873.1917
-1682.2438
-1803.2496
-1778.8225
-1773.2436
-1770.2691
-1767.6802
-1765.9508
-2591.5369
-2586.4364
-2599.5363
-2617.8019
-2628.9907
-2636.4254
-2642.2465
-2648.2422
-2653.5604
-2657.7441
-2660.986
-2663.8291
-2666.388
-2669.1187
-2672.1912
-2675.6724
-2679.6077
-2684.032
-2688.8512
-2693.5359
-2695.9019
-2693.397
-2696.1755
-2712.5134
-2872.9604
-2876.1642
-2881.476
-2886.0269
-2889.5959
-2892.3528
-2894.4709
-2896.0898
-2897.3214
-2898.2531
-2898.9506
-2899.4617
-2899.8198
-2900.0472
-2900.1577
4670.2165
4669.9587
4669.4925
4668.9189
4668.3942
4668.1315
4668.4448
4573.1422
4567.0461
4558.1705
4464.3102
4468.3708
4470.1671
4470.6556
4455.9373
4423.6807
3715.0435
3713.3278
3710.875
3707.9998
3704.8299
3702.2448
3701.325
3701.7925
3696.3835
3871.8537
-6593.5941
-6602.2126
-6608.1025
-6610.8372
-6609.9599
-6604.7517
-6594.6601
-6579.6804
-6560.5591
-6538.9706
-6515.8002
-6491.4546
-6466.566
-6441.9197
-6416.3437
-6385.8532
-6359.459
-6332.8157
-6304.6056
-6275.3491
-6245.4677
-6215.1754
-6184.6023
-6154.5803
-6074.6608
-4508.0307
-3082.2373
-481.74717
1016.0028
1037.3573
1061.8038
1087.5484
1108.7178
1126.535
1141.6439
1154.6807
1166.1372
1176.5711
1186.6431
1197.1146
1208.8632
1222.9413
1240.7291
1264.1363
1295.3767
1332.2173
1368.383
934.11508
-1921.3279
-5882.0424
-6172.8486
-6117.3344
-6064.7632
-6016.8167
-5972.4741
-5935.4538
-5905.3517
-5879.7423
-5856.9378
-5836.972
-5826.485
-5017.8163
-4022.8905
-2777.5702
-2165.2575
-1827.8086
-1752.8555
-1765.8445
-1761.8466
-1757.3415
-1752.7321
-1748.524
-1749.211
-2973.2
-3050.8908
-2831.3329
-2761.549
-2668.5006
-2567.4485
-2606.2287
-2602.7886
-2598.9571
-2599.8902
-2606.1311
-2615.692
-2623.9328
-2630.6838
-2636.848
-2662.6627
-2664.5434
-2666.6917
-2668.8608
-2671.303
-2674.0781
-2677.211
-2680.698
-2684.4766
-2688.4217
-2692.5079
-2252.3137
-2913.4593
-2886.2708
-2883.5577
-2884.2063
-2885.4717
-2886.8168
-2888.0266
-2889.0416
-2889.8695
-2890.5352
-2891.0621
-2891.4676
-2891.7635
-2891.9571
-2892.0529
4683.2747
4682.9113
4682.2418
4681.3871
4680.5443
4679.9996
4679.9437
4590.1656
4583.5397
4578.5193
4573.8773
4517.6256
4480.1834
4472.8296
4469.769
4464.4301
4461.1801
4465.7126
3715.5364
3717.7618
3717.7489
3716.487
3714.2
3710.8815
3704.8918
3689.9091
3645.5938
-6563.907
-6579.2482
-6589.2459
-6595.3198
-6597.4407
-6594.9916
-6587.8115
-6574.8876
-6558.1773
-6539.5106
-6517.8529
-6493.1951
-6466.9952
-6442.9061
-6428.9209
-6372.5584
-6357.7975
-6331.8765
-6302.2016
-6271.7525
-6241.1099
-6210.3313
-6179.3015
-6146.3289
-6111.1606
-5192.4563
-984.06836
1000.3951
1022.1518
1041.9788
1065.2865
1086.9969
1105.4573
1121.2802
1134.8549
1146.5307
1156.7554
1166.1301
1175.3941
1185.3896
1197.0472
1211.4013
1229.6005
1252.8867
1282.3817
1318.9986
1370.335
-1016.1338
-5712.0947
-6484.6287
-6407.4342
-5950.6742
-5916.8947
-5883.8295
-5855.1999
-5828.2992
-5792.9347
-5687.0402
-3889.7307
-2660.8827
-2144.8707
-1810.6311
-1760.9353
-1752.833
-1751.5231
-1747.2286
-1741.5434
-1734.7939
-1726.3684
-1708.4268
-3509.5838
-2682.1222
-2660.0378
-2667.0598
-2664.1702
-2661.8683
-2655.5548
-2669.9474
-2639.5134
-2635.1277
-2630.2742
-2625.5689
-2621.2871
-2617.5781
-2614.3654
-2611.4463
-2608.4868
-2606.1913
-2604.8221
-2605.6941
-2609.4055
-2614.9028
-2620.7244
-2625.3106
-2665.5579
-2666.5856
-2668.3297
-2670.0821
-2672.1258
-2674.4603
-2677.0723
-2679.8512
-2683.4757
-2884.9554
-2882.6009
-2881.7688
-2881.268
-2881.4161
-2881.777
-2882.1807
-2882.5798
-2882.956
-2883.295
-2883.5832
-2883.8094
-2883.9648
-2884.0439
4696.6964
4696.1701
4695.1763
4693.8435
4692.3962
4691.1985
4690.0704
4599.768
4594.0724
4589.347
4586.386
4486.7031
4466.1863
4471.1976
4471.1604
4469.6143
4469.0678
4470.8681
4473.979
3724.9856
3730.095
3729.1712
3727.1862
3723.1128
3716.9852
3709.2599
3703.3334
3713.6791
-5190.6603
-5522.8907
-6538.816
-6562.3104
-6574.3158
-6583.2882
-6589.0658
-6589.907
-6585.9722
-6579.0314
-6003.2673
-5922.5634
-5350.2131
-762.96925
1030.2304
1043.1188
1070.3673
1089.6943
1104.8325
1118.2748
1129.9629
1139.8312
1148.2215
1155.8004
1163.4139
1171.9993
1182.5369
1196.0137
1213.3854
1235.4279
1262.2648
1292.7673
1360.0888
644.39647
-5856.3755
-5829.2881
-5808.1245
-5747.9896
-4234.431
-3205.4814
-2354.8127
-1773.6314
-1764.7218
-1754.3519
-1746.0184
-1740.1866
-1734.0014
-1726.8098
-1718.5324
-1710.8152
-1714.6801
-2863.8373
-7868.8738
-6710.004
-3369.7713
-2734.5535
-2680.9858
-2672.3856
-2666.1979
-2661.0839
-2656.0784
-2653.8558
-2642.4265
-2635.1408
-2629.5409
-2624.8702
-2620.9045
-2617.5418
-2614.6681
-2612.1811
-2610.072
-2608.5623
-2607.9277
-2608.6585
-2610.8941
-2614.5426
-2617.5896
-2666.6868
-2667.5265
-2668.5697
-2669.8829
-2671.4321
-2673.1514
-2674.7218
-2880.2393
-2878.8012
-2876.4154
-2875.8028
-2875.4848
-2875.3242
-2875.3129
-2875.414
-2875.5784
-2875.7609
-2875.926
-2876.0489
-2876.1141
4710.6442
4709.8966
4708.4496
4706.4144
4703.9987
4701.5702
4698.8748
4700.3839
4617.1999
4609.235
4603.1019
4598.4846
4596.0262
5619.426
4477.1479
4474.615
4474.0598
4473.7974
4474.1389
4475.3251
4476.5949
4477.7109
3743.9556
3744.2693
3742.2641
3737.3984
3730.6775
3723.563
3718.9544
3720.5141
3748.931
5976.0795
3404.9884
3383.2723
3354.8162
3322.9014
3290.8187
3260.8822
3237.6418
3148.7639
2371.5331
1359.2703
-6402.4071
-6536.7529
-6562.5733
-6575.799
-2201.0612
52.983207
1009.8805
1083.3687
1096.5808
1105.9049
1117.021
1126.8912
1134.6083
1140.5
1145.4338
1150.46
1156.6592
1165.0842
1176.7331
1192.4984
1213.1745
1238.9667
1269.4195
-5797.8992
-5782.904
-5314.205
-4218.3088
-2710.5303
-1876.1667
-1769.7507
-1756.772
-1745.7324
-1736.7023
-1729.2037
-1721.7807
-1713.1624
-1701.7108
-1683.6802
-1812.0635
-2951.3719
-5484.1694
-6959.4316
-6870.9401
-6664.5595
-5217.0648
-2725.3968
-2700.7244
-2685.6623
-2675.299
-2667.1516
-2660.1909
-2653.8188
-2647.9107
-2640.0923
-2633.3629
-2627.8862
-2623.459
-2619.8852
-2616.9916
-2614.6227
-2612.668
-2611.1119
-2610.0582
-2609.6679
-2610.1179
-2611.6396
-2613.2438
-2666.4438
-2666.2595
-2666.7875
-2667.4039
-2668.2336
-2669.1942
-2670.0967
-2861.0465
-2869.1393
-2869.8948
-2869.0353
-2868.3186
-2867.9336
-2867.8087
-2867.8438
-2867.9559
-2868.0849
-2868.1907
-2868.2493
4725.3398
4724.3225
4722.3111
4719.3661
4715.6139
4711.2901
4706.7862
4702.4347
4636.265
4626.0662
4617.1358
4610.3477
4605.5206
4603.0224
4604.8274
4473.3339
4476.0536
4476.6669
4477.3764
4478.3629
4479.4692
4480.5458
4479.4777
3759.9496
3762.8118
3760.2022
3753.5414
3744.7654
3735.3593
3726.7344
3720.0023
3715.9868
3604.077
3614.4109
3598.1177
3575.0336
3545.7556
3513.4727
3483.4202
3451.699
3417.9652
3386.0456
3355.4058
3323.5791
3291.1973
3258.5332
3223.8942
3177.0726
3155.3614
3028.4747
933.64214
1042.0902
1104.4643
1105.1843
1117.0149
1125.9717
1131.2112
1133.7343
1134.9759
1136.3343
1139.0899
1144.4106
1153.3338
1166.7024
1185.568
1210.6429
-5609.4376
-5089.7133
-3878.6572
-2467.0338
-1787.2334
-1762.6269
-1746.8834
-1735.104
-1725.8551
-1718.1453
-1710.7557
-1702.3486
-1691.4685
-1670.5561
-1902.2643
-3692.4351
-5977.8435
-6875.8733
-6848.233
-6813.4542
-6715.5085
-6259.4374
-4264.767
-3025.2378
-2691.1157
-2685.6399
-2675.9963
-2666.9186
-2658.7093
-2651.0952
-2643.8757
-2636.6693
-2630.3321
-2625.182
-2621.1944
-2618.1857
-2615.9165
-2614.1633
-2612.7559
-2611.6495
-2610.8905
-2610.5674
-2610.8007
-2611.3054
-2664.9721
-2664.7373
-2664.7116
-2664.9043
-2665.2476
-2665.6581
-2325.0227
-2876.3482
-2865.6019
-2862.4432
-2860.9811
-2860.2944
-2860.0434
-2860.0321
-2860.1338
-2860.2668
-2860.3799
-2860.4432
4741.0526
4739.7426
4737.1064
4733.1248
4727.8011
4721.1898
4713.3667
4702.415
4691.656
4676.6431
4659.9874
4645.1763
4632.5941
4623.0777
4615.6326
4610.2739
4607.312
5390.8725
4489.2988
4479.5998
4479.1773
4480.6774
4482.4681
4484.0247
4485.1235
3775.6054
3787.0963
3782.1938
3771.8005
3759.4832
3746.3764
3732.6209
3717.0431
3695.0127
3650.6048
3627.6417
3604.4338
3578.4253
3549.3299
3518.2195
3486.4511
3453.7769
3420.9634
3389.1672
3357.209
3324.6726
3291.5251
3257.5713
3221.9614
3183.4281
3147.933
3096.6302
3082.822
3070.0017
1759.4361
1092.9023
1118.719
1128.7703
1130.5305
1128.252
1124.3998
1120.8098
1118.9587
1120.131
1125.493
1133.6506
1154.4583
-5545.5728
-3684.3791
-1851.0439
-1757.2214
-1746.6404
-1733.0313
-1721.9452
-1713.4693
-1706.7673
-1700.7484
-1694.0077
-1675.6067
-1729.454
-3970.1642
-5922.8002
-6983.7871
-6870.0222
-6834.3199
-6790.9828
-6729.9019
-6224.8801
-4837.9175
-2854.6854
-2714.5399
-2689.7853
-2676.1275
-2665.817
-2656.6325
-2647.977
-2639.8275
-2632.3768
-2626.1144
-2621.3151
-2617.9507
-2615.7466
-2614.3253
-2613.3581
-2612.5425
-2611.8395
-2611.2798
-2610.9799
-2610.8726
-2663.4531
-2662.3341
-2661.8011
-2661.4242
-2661.2346
-2661.2284
-2824.7066
-2855.0609
-2854.1547
-2852.8683
-2852.2194
-2852.0384
-2852.1074
-2852.2805
-2852.4687
-2852.6187
-2852.7004
4758.0756
4756.4889
4753.2472
4748.2257
4741.2759
4732.3015
4721.3785
4708.876
4694.7943
4679.0961
4663.2695
4649.0091
4636.9811
4626.9483
4618.8313
4612.6502
4608.5546
7406.2943
4724.8069
4461.6528
4473.9555
4479.7655
4483.6884
4486.8054
4489.357
4491.2508
3838.3751
3827.9755
3809.6763
3791.985
3774.9928
3758.0412
3740.3297
3720.5369
3696.4145
3665.9182
3639.2276
3612.8482
3584.9214
3554.9581
3523.4407
3491.0871
3458.2112
3425.2212
3392.4512
3359.5904
3326.3768
3292.6596
3258.266
3222.9483
3186.7515
3151.1148
3115.0941
3088.2027
3061.1335
3032.9627
3003.7076
2973.3986
2943.7281
2918.8534
1128.5008
1139.8901
1133.8899
1124.3419
1113.5633
1103.5483
1095.801
1091.666
1092.3403
1095.6719
-4830.3295
-2261.612
-1765.5685
-1733.6825
-1716.6564
-1706.1769
-1699.31
-1694.7063
-1691.4629
-1687.9616
-1683.819
-6772.2713
-6747.1526
-6459.7672
-4591.0953
-3317.8209
-2688.0954
-2682.8337
-2672.9112
-2663.5895
-2654.0267
-2644.3525
-2635.0805
-2626.896
-2620.4332
-2616.0134
-2613.5465
-2612.5247
-2611.9183
-2612.2098
-2612.1644
-2611.865
-2611.4947
-2659.9332
-2658.3487
-2657.757
-2657.044
-2656.6253
-2642.5565
-2855.2141
-2846.2466
-2844.1179
-2843.6766
-2843.7835
-2844.0784
-2844.4122
-2844.7087
-2844.9257
-2845.0394
4776.6855
4774.8902
4771.1681
4765.2548
4756.7757
4745.3617
4730.9699
4714.8835
4698.2105
4681.6131
4665.8394
4651.641
4639.3729
4628.9033
4620.0945
4612.8019
4606.4763
4601.0278
6022.8912
4481.6504
4500.8387
4474.805
4482.2409
4487.5046
4491.7094
4495.373
4498.5606
3966.4693
3875.2751
3836.5526
3811.4712
3790.4618
3770.4675
3750.1199
3728.3595
3704.19
3677.4246
3650.5016
3622.81
3593.4533
3562.1406
3529.4985
3496.2454
3462.7601
3429.2591
3395.826
3362.3251
3328.5851
3294.4699
3259.8841
3224.8172
3189.5152
3154.6825
3120.9573
3090.5564
3061.5508
3031.7274
3000.9265
2969.6639
2938.2115
2904.3096
2867.9812
2834.3489
2802.4182
2771.7929
2743.0998
2717.9977
2698.663
1163.3294
1142.0084
1121.6651
1101.9627
1084.0184
1069.0352
1058.3895
1053.596
1054.9325
-1863.6867
-1727.4959
-1705.8652
-1693.7357
-1686.796
-1682.8878
-1681.2854
-1681.7691
-1685.1829
-6468.9212
-5744.2685
-3334.9679
-2693.7343
-2680.5429
-2669.0943
-2661.6028
-2651.5323
-2640.3256
-2629.246
-2619.6932
-2612.7089
-2608.7587
-2607.6972
-2608.1492
-2610.0651
-2655.0813
-2653.8755
-2652.5626
-2651.5746
-2825.4363
-2832.0987
-2833.6803
-2834.5856
-2835.3405
-2836.0107
-2836.5809
-2837.0284
-2837.3358
-2837.4921
4797.0907
4795.2185
4791.2801
4784.8498
4775.2104
4761.3998
4742.2561
4721.4778
4701.5513
4683.3066
4666.8343
4652.3425
4639.9667
4629.1976
4619.8415
4611.7264
4604.5629
4597.5753
4590.6374
4580.4354
6033.4301
4799.2618
4460.5512
4471.551
4480.1066
4486.8892
4492.3809
4497.1533
4501.669
4506.1762
4511.8976
6105.2988
4260.1071
3874.1478
3849.7878
3826.8864
3804.9173
3783.2468
3761.3234
3738.5914
3714.5603
3689.088
3662.5435
3634.436
3603.9419
3570.6525
3536.1674
3501.6367
3467.3248
3433.2296
3399.2688
3365.2993
3331.1684
3296.7514
3261.9842
3226.9211
3191.8118
3157.1446
3123.4999
3091.5167
3060.5279
3029.5427
2998.1404
2966.2494
2933.7912
2900.5018
2865.5523
2830.6874
2797.2669
2766.0538
2737.718
2712.1544
2687.3952
2662.7153
2641.4652
2623.1009
2607.4199
2596.6158
1283.0209
1237.5432
1191.0475
1150.7645
1118.3468
1088.606
1061.5304
1037.9302
1019.2654
1007.6772
1006.3941
-1652.8494
-1665.5102
-1665.6256
-1664.384
-1664.16
-1664.1509
-1671.2563
-6179.0285
-5182.9566
-3526.4293
-2676.5095
-2661.3201
-2662.1951
-2650.1741
-2636.1717
-2621.8846
-2609.9219
-2601.9505
-2598.6151
-2599.4811
-2603.7384
-2651.8063
-2649.7137
-2647.7548
-2645.6406
-2818.1884
-2821.5642
-2823.9188
-2825.6451
-2826.9822
-2828.0428
-2828.8723
-2829.4883
-2829.8971
-2830.1011
4819.3682
4817.613
4813.8843
4807.654
4797.8166
4782.6177
4754.0981
4726.6167
4702.9585
4683.4157
4666.8458
4651.9539
4638.9536
4628.0792
4618.3476
4609.6994
4601.8525
4595.3278
4593.2091
4574.6564
4550.0877
4524.7226
5478.3313
4591.399
4479.9407
4476.6463
4481.2551
4487.1825
4492.8284
4497.9762
4502.8548
4507.7776
4513.0685
4519.1677
4526.4264
7778.0928
5352.97
3862.5987
3874.3609
3861.5655
3841.3701
3819.0743
3796.2803
3773.3355
3750.1218
3726.3714
3701.8229
3676.1476
3648.4491
3617.2249
3580.3605
3542.882
3506.8097
3471.6734
3437.0662
3402.7205
3368.435
3334.038
3299.383
3264.3804
3229.0727
3193.6682
3158.5867
3124.3841
3091.4865
3059.505
3027.7785
2995.8438
2963.4041
2930.2013
2895.9837
2860.6236
2824.8761
2789.9609
2757.5945
2729.6327
2704.6038
2681.15
2657.9422
2635.8724
2616.0465
2600.4726
2580.513
2543.4592
1707.1471
1416.9343
1365.2143
1311.7583
1252.9675
1201.1455
1154.9833
1112.3542
1072.5852
1035.5672
1001.8934
973.06485
951.96195
945.57362
-1637.0563
-1635.3012
-1636.4233
-1638.8727
-1640.9541
-1643.533
-1645.7537
-3855.4546
-3484.7623
-2729.2125
-2675.6832
-2650.7973
-2632.3023
-2612.1988
-2596.159
-2586.5562
-2582.5103
-2590.5598
-2646.4422
-2642.8473
-2638.0979
-2808.8049
-2811.8688
-2814.7858
-2817.0938
-2818.9003
-2820.3058
-2821.3773
-2822.1552
-2822.6631
-2822.9142
4843.401
4841.9812
4838.9901
4834.0656
4826.4433
4815.0647
4646.1929
4636.4489
4626.3264
4616.3524
4606.8717
4597.8199
4588.3487
4608.6197
4590.6589
4544.1085
4508.5175
4485.3378
4467.0486
4510.4825
4526.8992
4540.404
4462.3328
4479.3193
4484.8383
4489.6413
4494.5394
4499.2666
4503.8415
4508.512
4513.5182
4519.0682
4525.3965
4532.9133
4541.5616
4549.4004
4958.9864
3915.3692
3909.0139
3899.1324
3880.7435
3857.9548
3833.731
3809.4642
3785.6169
3762.1891
3738.9798
3715.6838
3691.7747
3665.9868
3634.5529
3589.2064
3548.5356
3511.4694
3475.7244
3440.7869
3406.2452
3371.833
3337.3589
3302.6042
3267.3538
3231.5813
3195.3212
3159.0561
3123.6765
3090.2733
3058.0789
3026.1352
2994.0076
2961.3055
2927.6175
2892.5617
2856.0295
2818.6285
2782.2413
2746.9198
2718.6154
2695.4786
2673.2824
2650.7263
2627.8463
2604.9119
2581.6693
2555.3264
2536.2206
2389.8729
1982.3635
1606.3325
1493.1547
1450.0638
1390.0561
1329.0103
1268.7089
1210.6175
1155.6707
1103.502
1053.8153
1006.2624
961.01238
919.14252
883.46042
867.67572
-1551.8952
-1617.3929
-1604.7603
-1607.7904
-1612.4876
-1617.027
-1622.0011
-1628.3631
-1471.3357
-2664.2301
-2640.9945
-2630.0415
-2598.4493
-2575.9593
-2563.8333
-2560.9855
-26215.169
-2644.4562
-2639.1951
-2627.4381
-2791.9548
-2798.5889
-2802.7133
-2806.2619
-2809.0441
-2811.2193
-2812.903
-2814.1759
-2815.092
-2815.686
-2815.9783
4868.8538
4867.9209
4866.0295
4863.175
4859.5499
4857.4174
4611.7875
4604.0057
4595.2767
4545.074
4662.2618
4630.0846
4523.6164
4484.8464
4465.7543
4454.9457
4445.35
4438.7124
4485.3762
4497.5531
4507.1074
4510.033
4489.5555
4490.1656
4493.7463
4497.9327
4502.0683
4505.8573
4509.6111
4513.8343
4518.7153
4524.2887
4530.5956
4537.6884
4545.6313
4554.4456
4563.9382
4573.0626
4581.9566
4589.5811
4845.6888
4307.9203
4170.8609
3981.957
3958.9559
3932.4115
3904.3222
3875.9753
3848.4304
3822.2299
3797.4787
3774.0371
3751.6745
3730.1569
3709.2798
3688.9436
3670.6819
2722.9777
2703.4398
2685.4134
2665.7752
2643.8346
2619.8753
2594.0862
2565.9667
2533.7976
2495.1
2428.0851
2406.872
2453.3692
2026.5
1880.942
1640.4419
1563.1291
1491.0055
1419.5314
1349.7424
1282.2419
1216.9462
1153.5806
1092.1699
1032.9129
974.6567
916.75413
859.03585
801.38378
744.95823
-1467.2042
-1535.8941
-1563.7688
-1577.4903
-1586.2603
-1592.6644
-1599.2552
-1614.9554
-2748.2548
-2675.393
-2575.5978
-2545.3952
-2532.4888
-2527.0671
-2394.8204
-2430.0572
-2489.9897
-2400.3657
-2445.884
-2647.427
-2641.7085
-2605.3588
-2054.521
-2774.474
-2783.0375
-2789.5712
-2794.5719
-2798.5044
-2801.6013
-2804.0298
-2805.9108
-2807.3311
-2808.3509
-2809.0106
-2809.3347
4895.2395
4894.8191
4894.0319
4893.0553
4892.3849
4893.8291
5036.6222
4775.2254
4755.8404
4435.4256
4441.3228
4440.1304
4437.0776
4434.1602
4434.1232
4434.4158
4437.5667
4446.2548
4460.2105
4474.6862
4486.3709
4494.6472
4498.1975
4495.6905
4498.0414
4502.049
4506.2752
4509.9437
4512.4837
4514.9122
4518.4987
4523.2196
4528.776
4535.0079
4541.8708
4549.342
4557.3209
4565.9015
4574.809
4583.9443
4594.0197
4604.7979
4615.949
4626.6995
5013.0059
4503.8847
4337.2144
4249.0314
4174.353
4071.8093
4012.4414
3967.2362
3928.1587
3893.1942
3861.7866
3833.5456
3808.0309
3784.806
3763.523
3743.9887
3726.2433
3710.7531
3698.741
2704.309
2687.2521
2676.9605
2660.5708
2638.9623
2613.7342
2585.5913
2554.3146
2518.7982
2477.2468
2427.1189
2378.482
2314.34
2241.9415
2191.5882
1996.9447
1951.5398
1859.8363
1727.2611
1626.1837
1533.0068
1447.3225
1368.1869
1293.5717
1221.3453
1149.5373
1078.6842
1011.0116
942.69968
872.31405
798.8659
719.24109
622.87582
491.40773
42.568241
-1464.02
-1516.9894
-1536.9307
-1552.1415
-1562.3983
-1568.1151
-1569.2193
-1565.8745
1092.6941
-2421.7973
-2489.3048
-2497.5299
-2497.3015
-2487.0988
-2469.949
-2445.3542
-2454.6638
-2436.647
-2444.8877
-2449.3465
-2664.1504
-2670.8374
-2702.8075
-2763.9223
-2387.3771
-2675.1785
-2731.461
-2738.7342
-2747.2617
-2756.7634
-2767.3614
-2775.855
-2782.3623
-2787.4988
-2791.5824
-2794.827
-2797.3877
-2799.3794
-2800.8866
-2801.9699
-2802.6709
-2803.0151
4922.0458
4922.0843
4922.2238
4922.6294
4923.6575
4926.211
5609.2593
4321.0009
4398.3915
4416.3664
4420.7009
4422.3572
4424.1898
4427.5973
4433.6002
4442.7239
4454.5343
4467.2286
4478.4061
4486.9135
4492.4192
4496.9681
4504.2609
4510.1334
4515.1756
4518.9483
4519.2218
4519.0552
4522.0296
4526.8888
4532.5868
4538.789
4545.4443
4552.5439
4560.063
4568.0232
4576.4228
4585.3837
4595.1815
4606.315
4618.7208
4633.0503
4648.4131
4662.1224
4671.9211
4670.767
4553.052
4450.9498
4366.2566
4281.0531
4200.3054
4118.4858
4051.765
3995.9333
3947.8828
3906.8564
3871.9758
3842.136
3816.2926
3793.6319
3773.6226
3756.0303
3740.9502
3728.8956
3720.7817
3975.0713
2665.7525
2675.047
2660.5858
2637.7098
2610.5084
2580.2307
2546.9027
2509.8344
2467.9706
2420.4843
2368.5822
2307.8034
2238.7769
2161.6172
2056.5984
1974.4826
1885.0419
1782.5852
1678.6515
1567.1573
1471.8183
1385.3655
1304.8185
1227.9528
1150.0339
1066.8647
989.75071
912.81786
830.93856
744.87638
652.11542
543.31898
399.16296
241.12713
96.518366
-388.88357
-1180.3931
-1475.1703
-1494.7497
-1514.8227
-1531.7465
-1543.0758
-1548.1777
-1546.0211
-1534.4062
-4145.4982
-2466.6181
-2470.0024
-2468.5664
-2463.8485
-2456.0503
-2447.9983
-2447.6089
-2444.13
-2447.4327
-2452.6597
-2458.7143
-2465.569
-2472.2515
-2666.6313
-2675.9851
-2693.901
-2712.274
-2719.1113
-2747.6798
-2709.4734
-2726.4276
-2736.9302
-2745.9752
-2754.7775
-2763.2215
-2770.4721
-2776.5242
-2781.4788
-2785.4994
-2788.7365
-2791.3146
-2793.3325
-2794.866
-2795.9713
-2796.6877
-2797.0399
4948.8139
4949.2487
4950.1499
4951.581
4953.6269
4956.2711
4397.0885
4400.7187
4407.0023
4410.3773
4414.2293
4419.4391
4426.6109
4436.0342
4447.9354
4461.0192
4472.7762
4481.6641
4486.7699
4494.4969
4511.9012
4519.0485
4525.3461
4531.4518
4526.4005
4520.0578
4523.6757
4529.7188
4535.8942
4542.1164
4548.5727
4555.3259
4562.3631
4569.705
4577.4744
4585.9857
4595.7269
4607.1454
4620.2373
4634.7971
4650.8483
4667.6701
4685.439
4708.4483
4590.7596
4486.6775
4394.8154
4308.6192
4227.3294
4150.0645
4080.1995
4016.8496
3960.5823
3914.3733
3877.1248
3846.7287
3821.3719
3799.8062
3781.3032
3765.5588
3752.6311
3742.9217
3737.1489
2855.5949
2869.3348
2718.6123
2694.652
2669.0159
2640.7831
2610.3594
2577.9206
2543.2321
2505.6664
2464.3176
2418.2653
2366.7951
2308.0881
2241.5677
2167.2076
2084.2963
2004.7491
1923.2667
1833.0601
1755.6548
1031.6788
971.70296
888.81499
797.26109
701.77631
601.02687
490.82266
346.96997
163.92499
0.43825522
-139.41045
-259.94222
907.31402
-658.748
-970.58593
-1419.1834
-1446.2998
-1472.0157
-1495.8639
-1516.9456
-1529.9802
-1535.4982
-1540.2436
-2095.0973
-4412.6938
-2442.4055
-2444.3369
-2445.9997
-2445.995
-2444.4869
-2442.9797
-2443.6435
-2444.8311
-2448.4999
-2453.6949
-2460.1043
-2467.4909
-2476.1502
-2485.7352
-2495.5464
-2505.6427
-2515.9579
-2526.2783
-2536.066
-2544.1355
-2649.7019
-2660.4244
-2673.0984
-2687.796
-2701.8287
-2713.0045
-2724.1164
-2721.1826
-2728.4942
-2736.8143
-2744.9009
-2752.6466
-2759.8792
-2766.2878
-2771.7836
-2776.3927
-2780.2
-2783.305
-2785.8017
-2787.7698
-2789.2735
-2790.3616
-2791.0686
-2791.4168
4975.1472
4975.9467
4977.5463
4979.9181
4982.917
4985.3256
4390.9193
4394.2171
4397.9207
4402.9104
4409.3188
4417.3699
4427.2069
4438.49
4549.2905
4512.5392
4528.7267
4535.7996
4555.113
4534.8709
4511.0997
4522.8974
4532.4172
4539.1537
4545.2097
4551.4042
4557.8228
4564.3578
4570.9585
4577.7837
4585.3575
4594.5939
4606.3023
4620.2853
4636.0843
4653.4452
4672.2501
4692.7776
4715.0858
4609.8959
4510.1853
4417.7087
4331.2784
4250.3296
4174.2432
4102.119
4030.6837
3963.2241
3912.9288
3875.4205
3846.2836
3822.6586
3802.9161
3786.2252
3772.2689
3761.0916
3753.0145
3748.5413
3790.286
2831.9194
2849.5281
2825.263
2758.9254
2715.9334
2680.0433
2646.0475
2612.2257
2577.8613
2542.4386
2505.283
2465.3682
2421.4649
2372.2447
2316.1869
2252.1972
2181.35
2108.6301
2036.9529
1961.9212
1894.4136
647.7971
565.7124
482.10328
324.66668
58.781763
-100.24449
-225.40146
-336.76437
-438.68594
-514.47954
-549.02959
532.57579
-469.95953
-858.60353
-1131.4686
-1326.8417
-1381.4601
-1418.8295
-1451.1491
-1479.671
-1510.1911
-1524.4009
-1523.5905
-1892.9866
-2895.6511
-4880.2661
-2412.1077
-2418.868
-2425.1002
-2429.6449
-2432.9224
-2435.79
-2439.1539
-2443.051
-2448.0408
-2454.0284
-2460.8993
-2468.5545
-2476.9301
-2486.1919
-2496.0685
-2506.2796
-2516.703
-2527.2176
-2537.6879
-2548.8739
-2560.8352
-2572.8931
-2586.3815
-2602.2797
-2620.791
-2638.8579
-2653.7725
-2667.9749
-2682.3561
-2695.8706
-2707.5209
-2717.1723
-2722.6462
-2729.5524
-2736.9319
-2744.1678
-2751.0289
-2757.361
-2763.0161
-2767.9299
-2772.1084
-2775.6027
-2778.482
-2780.8171
-2782.6714
-2784.0966
-2785.1328
-2785.8085
-2786.1419
5000.6811
5001.8447
5004.1705
5007.6281
5012.08
5015.041
4377.5418
4379.7486
4384.177
4390.1732
4397.555
4406.1966
4416.3158
4536.0285
4623.6807
4571.4105
4466.5736
4524.3972
4537.8986
4543.0946
4548.1638
4554.0106
4560.2029
4566.2861
4571.9873
4577.3434
4583.0658
4590.989
4603.1841
4618.5172
4635.8092
4654.5983
4675.1074
4698.3357
4722.4521
4623.5534
4526.4593
4434.5554
4348.4569
4268.4672
4194.4599
4123.3504
4040.5419
3948.7004
3898.6982
3865.3452
3840.3238
3820.0636
3802.9744
3788.41
3776.199
3766.4508
3759.5065
3755.8527
3326.8198
3294.4652
3256.1889
3220.1967
3194.6868
3143.0115
2892.7764
2866.0574
2826.8252
2775.8936
2730.1133
2689.1765
2651.1383
2614.6354
2578.8596
2543.3801
2507.6587
2470.4085
2429.9819
2384.5324
2332.2175
2269.6856
2197.3661
2131.922
2066.9222
2008.2642
489.17378
441.87571
-153.21971
-238.77068
-328.3441
-418.06725
-501.31839
-563.19119
-567.92761
-390.30974
1793.457
789.57138
-251.07888
-692.10262
-1031.4838
-1268.2198
-1317.8572
-1360.986
-1396.9789
-1434.0643
-1458.4883
-1517.2005
-1668.6192
-2301.1554
-2954.045
-4651.0062
-7115.1927
-2362.6962
-2382.6325
-2395.1888
-2405.8884
-2414.5619
-2421.7679
-2428.1038
-2434.1312
-2440.1783
-2446.5838
-2453.4786
-2460.9099
-2468.8977
-2477.4674
-2486.6736
-2496.4537
-2506.7077
-2517.3214
-2528.1543
-2539.0659
-2550.0612
-2561.581
-2573.6631
-2586.624
-2600.8824
-2616.3563
-2632.0252
-2647.2072
-2662.6727
-2677.7828
-2691.7766
-2704.0363
-2714.4058
-2722.6775
-2730.1373
-2737.1933
-2743.8092
-2749.9404
-2755.5199
-2760.486
-2764.8112
-2768.5085
-2771.6204
-2774.203
-2776.3135
-2778.0019
-2779.3088
-2780.2645
-2780.8906
-2781.2003
5025.0515
5026.5806
5029.663
5034.3439
5040.717
5047.3925
5062.5057
4359.1052
4362.921
4368.866
4376.0502
4383.773
4394.5533
6704.7167
5105.1174
4570.22
4551.6867
4547.1613
4550.3405
4556.2714
4562.6912
4568.5958
4573.3602
4576.5365
4578.5731
4583.1116
4596.9277
4614.7904
4634.0368
4654.0316
4677.2285
4705.6889
4740.5575
4635.6977
4538.134
4446.2412
4360.1915
4281.474
4214.1213
4164.3664
4069.2224
3892.3389
3867.8165
3846.9367
3829.6052
3814.2956
3800.506
3788.2417
3777.6651
3769.0045
3762.5378
3758.2555
3757.0195
3530.4198
3485.379
3415.734
3385.823
3345.6951
3301.8829
3258.0065
3211.8368
3159.3241
3082.3045
2963.5172
2895.2333
2840.0872
2787.7112
2739.45
2695.4117
2654.694
2616.3177
2579.5637
2544.5634
2511.5645
2478.6261
2443.5226
2403.6869
2358.4659
2296.9624
2200.4252
2150.826
2102.0595
1254.3357
-318.46281
-379.72819
-431.13697
-507.36056
-587.17078
-665.4248
-751.95145
-907.46215
-1236.2637
-1004.9758
-651.5459
-835.42165
-1134.1758
-1268.5818
-1315.7681
-1350.6558
-1371.58
-3012.8971
-3260.8849
-3406.191
-4481.0722
-6278.9995
-6347.389
-5053.712
-4188.1969
-1784.7527
-2244.1291
-2342.9601
-2358.1667
-2374.3925
-2388.7027
-2400.9464
-2411.4836
-2420.7261
-2429.0888
-2436.9471
-2444.6375
-2452.3925
-2460.364
-2468.6591
-2477.3683
-2486.5813
-2496.365
-2506.7763
-2517.7205
-2529.0124
-2540.36
-2551.512
-2562.5547
-2573.7332
-2585.3629
-2597.7369
-2610.9825
-2625.1273
-2641.2438
-2658.5011
-2674.3804
-2689.224
-2701.9482
-2712.8352
-2722.8716
-2731.126
-2737.8949
-2743.9355
-2749.4036
-2754.2922
-2758.5966
-2762.3206
-2765.494
-2768.1672
-2770.3963
-2772.2318
-2773.714
-2774.872
-2775.7259
-2776.2888
-2776.5685
5047.8927
5049.7634
5053.5568
5059.3676
5067.2919
5077.2224
5088.2407
4337.9567
4344.3247
4352.3155
4360.6087
4369.1031
6129.7478
4957.0315
4551.4668
4543.5248
4549.7649
4558.0425
4565.6948
4572.0447
4576.3213
4576.8684
4571.5781
4565.608
4587.5138
4609.9985
4631.4871
4651.3842
4667.6298
4169.4612
3854.2049
3832.1073
3824.9811
3816.8611
3807.0089
3796.5129
3786.3837
3777.2147
3769.363
3763.0869
3758.6068
3756.1958
3756.5958
3783.9431
4655.6467
3736.7272
3608.2812
3578.2458
3548.0468
3481.5121
3443.693
3404.6183
3358.7666
3310.9008
3261.8644
3210.6799
3148.3277
3068.7259
2982.8073
2912.0153
2851.0842
2795.7133
2744.6823
2698.4663
2656.1481
2617.3264
2581.224
2546.5018
2515.4106
2489.0099
2461.7977
2428.2269
2400.9977
2351.9495
2175.0396
-441.67738
-514.47269
-593.06718
-674.57966
-759.38579
-855.07006
-977.17844
-1120.3293
-1151.5708
-1226.4778
-1260.3856
-1348.7925
-1324.1189
-1329.1886
-1343.6399
-7328.5624
-4626.0447
-4168.141
-2143.1463
-1891.5682
-1933.6603
-1940.3772
-1949.606
-1957.8048
-1980.4011
-2011.6951
-2101.5608
-2115.4609
-2134.1244
-2153.6256
-2169.1903
-2244.6413
-2269.9125
-2308.459
-2334.2196
-2355.5115
-2373.5838
-2389.0376
-2402.4941
-2414.2282
-2424.5509
-2433.884
-2442.6267
-2451.0901
-2459.4945
-2468.0063
-2476.7655
-2485.9183
-2495.6487
-2506.3119
-2517.7719
-2529.8149
-2541.8497
-2553.0721
-2563.3925
-2573.352
-2583.3576
-2593.7199
-2604.7094
-2617.0568
-2631.0374
-2726.8478
-2732.9796
-2738.9329
-2744.6343
-2749.4463
-2753.6489
-2757.2878
-2760.3804
-2762.9799
-2765.1583
-2766.983
-2768.5034
-2769.7501
-2770.7392
-2771.4783
-2771.9704
-2772.2163
5068.8633
5071.0237
5075.4332
5082.278
5091.8605
5104.6179
5119.5684
4309.3741
4315.8751
4325.0608
4335.4629
4344.3565
4354.3468
6954.2352
5850.482
5038.1538
4525.705
4547.1522
4560.4394
4569.9995
4577.567
4583.0107
4583.0377
4562.7429
4508.6843
3762.3313
3800.7935
3805.8526
3800.3648
3792.1516
3783.5665
3775.446
3768.1461
3761.8378
3756.6194
3752.6345
3750.6932
3754.6207
3651.2195
3682.6493
3677.3961
3670.0061
3661.4877
3653.0943
3620.6509
3600.1831
3579.5991
3550.6429
3510.9816
3473.4281
3429.8066
3373.8748
3320.4412
3268.0471
3217.7535
3174.0359
2535.2271
2516.2472
2502.5344
2493.4505
2446.4266
2465.349
2186.3918
1828.5455
-589.45921
-676.10237
-758.69472
-842.46902
-931.76478
-1025.8525
-1116.3049
-1175.2777
-1236.3237
-1298.2325
-1327.9324
-1329.246
-1335.0032
-1342.4773
-4391.241
-2407.2635
-1927.516
-1905.5566
-1908.8723
-1926.2623
-1939.0043
-1951.3986
-1964.0978
-1978.2127
-2020.6242
-2062.686
-2075.6447
-2093.3485
-2112.3823
-2132.1366
-2154.0992
-2180.5215
-2220.6184
-2252.8281
-2285.7531
-2314.7411
-2339.8506
-2361.0833
-2379.1262
-2395.2272
-2409.1418
-2421.0027
-2431.4115
-2440.8953
-2449.8468
-2458.5175
-2467.1065
-2475.7689
-2484.678
-2494.7284
-2505.7613
-2517.3773
-2530.4505
-2543.5233
-2554.724
-2564.5912
-2572.9246
-2580.9955
-2589.0757
-2597.5442
-2606.1691
-2741.665
-2745.8111
-2749.8043
-2753.569
-2756.5254
-2758.9334
-2760.8868
-2762.503
-2763.8739
-2765.0488
-2766.0437
-2766.8564
-2767.4777
-2767.898
-2768.11
5087.6735
5090.0351
5094.8742
5102.4507
5113.2544
5128.2655
5149.281
5181.9791
5212.7222
5242.4935
5272.6599
5303.3046
5329.1993
3636.6147
4253.3657
4285.1882
4305.6354
4319.7701
4329.7499
6134.7678
5347.9739
4609.5333
4552.6993
4566.5623
4576.2972
4585.2122
4595.117
4609.5276
4636.2108
7663.9688
3998.0526
3816.966
3805.3884
3796.448
3788.1639
3780.2839
3772.8575
3765.9364
3759.5003
3753.3978
3747.2281
3739.9054
3727.6531
3694.3498
3687.6775
3680.1853
3671.5169
3661.414
3648.74
3629.73
3610.8118
3590.8056
3566.8561
3538.3435
3507.4659
3469.3624
2253.3554
1194.8442
1902.4032
-144.77761
-762.98182
-841.45852
-920.0315
-1003.6682
-1078.1626
-1143.7602
-1196.9115
-1245.3068
-1287.9532
-1315.8081
-1329.9289
-1339.7396
-1346.7843
-1949.2082
-1898.5382
-1905.0403
-1904.4692
-1910.95
-1923.8504
-1937.8913
-1952.8765
-1969.4342
-1989.3847
-2017.5635
-2046.7032
-2068.3927
-2088.351
-2107.8003
-2128.05
-2150.0596
-2175.2146
-2205.1206
-2235.0286
-2266.9842
-2299.1414
-2328.0665
-2351.7728
-2372.0336
-2390.9081
-2406.069
-2418.6359
-2429.6276
-2439.5127
-2448.7613
-2457.5193
-2466.049
-2474.4322
-2482.6152
-2490.3008
-2560.2036
-2566.2336
-2572.7595
-2578.6242
-2584.2206
-2589.1479
-2751.4725
-2753.9778
-2756.0305
-2757.941
-2759.131
-2760.0931
-2760.9608
-2761.774
-2762.5194
-2763.1649
-2763.6781
-2764.0339
-2764.2158
5104.1221
5106.569
5111.5778
5119.3963
5130.441
5145.3397
5164.828
5190.152
5217.9571
5247.0207
5278.4325
5313.1599
5355.8981
5451.718
108.02794
-5495.5089
-5422.9051
-5328.1324
-5237.1284
-2413.1479
3719.988
4227.7576
4267.119
4292.522
4309.0655
4319.8645
4319.9044
6424.5244
5839.7051
4681.4104
4574.6089
4576.8142
4583.4139
4591.8678
4602.7161
4618.6433
4648.6221
3650.2213
3819.5866
3802.2911
3791.8752
3783.7719
3776.5494
3769.7639
3763.2436
3756.828
3750.2445
3742.9755
3734.0472
3721.7365
3704.4472
3693.3288
3683.8256
3674.3709
3664.1472
3652.3014
3637.9493
3622.5254
3605.9557
3587.6309
3568.0182
3550.0171
-3626.9537
-680.91745
-4584.8029
-919.82103
-989.11757
-1084.7148
-1139.3698
-1183.6631
-1223.3011
-1260.0384
-1292.4642
-1317.4173
-1334.9211
-1347.6874
-1356.7414
-1066.6119
-1897.423
-1885.178
-1889.6377
-1896.3297
-1906.6079
-1920.2984
-1935.8339
-1952.7822
-1971.3778
-1992.3282
-2016.2983
-2040.6225
-2062.4722
-2082.7876
-2102.418
-2122.2036
-2142.8742
-2165.1568
-2189.6209
-2217.3412
-2249.9138
-2287.3533
-2322.0931
-2346.9147
-2362.6806
-2569.417
-2572.8384
-2576.5211
-2579.9933
-2582.6412
-2756.5702
-2757.2471
-2757.603
-2757.7777
-2758.1022
-2758.5671
-2759.095
-2759.6055
-2760.0359
-2760.3436
-2760.5033
5118.124
5120.5408
5125.4719
5133.1158
5143.7736
5157.8244
5175.6206
5197.2893
5221.8109
5248.9219
5280.5192
5318.9616
5372.604
5443.0051
4136.7843
-2844.1275
-5425.3605
-5335.2136
-5184.1097
-2405.7215
3869.5449
4229.3168
4263.0084
4288.2683
4305.451
4316.0008
4319.9175
6797.7471
4572.94
4578.1426
4582.6714
4588.6771
4596.1283
4605.2371
4616.3958
4629.9078
2977.9703
3801.5434
3792.3137
3784.9921
3778.502
3772.3783
3766.4067
3760.446
3754.326
3747.7769
3740.3829
3731.5724
3720.7989
3708.3737
3697.3652
3687.4169
3677.9947
3668.5006
3658.3687
3647.2381
3635.3846
3622.8566
3609.6945
3596.5933
3585.2863
-4720.3457
-4217.6354
-4507.3516
-1186.0812
-1206.3832
-1210.9403
-1228.2209
-1252.5917
-1279.0807
-1304.4474
-1326.4748
-1344.6488
-1359.7237
-1372.2743
-1760.2109
-1742.5196
-1850.3761
-1860.4342
-1872.0026
-1884.604
-1898.8535
-1914.9015
-1932.3637
-1951.0405
-1970.9667
-1992.2518
-2014.6787
-2037.0164
-2058.0861
-2077.9094
-2096.8802
-2115.4723
-2134.077
-2152.9173
-2171.89
-2190.4505
-2571.2529
-2572.3693
-2574.6284
-2576.5986
-2578.0333
-2757.5473
-2756.1213
-2755.3125
-2755.1033
-2755.2971
-2755.688
-2756.1262
-2756.5162
-2756.8014
-2756.9507
5129.709
5131.9986
5136.6532
5143.8214
5153.7133
5166.5636
5182.5407
5201.5737
5223.0753
5246.3368
5275.7609
5309.5632
5363.4181
5396.1643
5539.6572
3413.1814
4221.6186
4267.3292
4292.0922
4308.4696
4319.2309
4324.7997
6649.4363
4578.8919
4582.3517
4587.053
4592.4942
4598.7314
4605.7072
4613.0255
4620.0872
1541.225
2839.8329
3778.3644
3780.4324
3777.2794
3772.8666
3768.0574
3763.0398
3757.8098
3752.2534
3746.1557
3739.2083
3731.0613
3721.5137
3710.8844
3700.3416
3690.4829
3681.6889
3673.4927
3665.4328
3657.2486
3648.9134
3640.393
3631.6947
3623.2326
3615.7976
-4450.3862
-4461.8105
-4458.3533
-4439.9265
-2467.5685
-321.02874
-1341.7692
-1269.7875
-1265.6895
-1279.7637
-1299.2449
-1319.7685
-1339.3841
-1357.4754
-1374.3885
-1391.3609
-1409.6304
83.804996
-1813.5958
-1765.9919
-1769.4059
-1810.1923
-1834.1801
-1853.3345
-1871.2301
-1889.3006
-1908.0904
-1927.6791
-1948.0493
-1969.1967
-1991.0336
-2013.1484
-2034.6781
-2054.9463
-2073.8836
-2091.7211
-2108.7283
-2125.044
-2140.5456
-2154.661
-2166.1751
-2571.7914
-2572.7626
-2573.844
-2574.8771
-2758.7055
-2754.1433
-2752.2477
-2751.7014
-2751.83
-2752.2335
-2752.695
-2753.1015
-2753.3949
-2753.5472
5139.0045
5141.0913
5145.321
5151.8033
5160.6946
5172.1762
5186.405
5203.3893
5222.5799
5237.5891
5266.6242
5274.6545
5361.6763
4283.2591
4290.7791
4304.3019
4317.1045
4327.4695
4334.9608
5017.3677
4574.8142
4585.3197
4590.6947
4595.5162
4600.5958
4605.8356
4610.7263
4614.7801
1438.597
1802.2356
2720.6649
3691.8342
3773.7728
3770.829
3767.6302
3763.9464
3759.8871
3755.5007
3750.7243
3745.3854
3739.2342
3731.9523
3723.3112
3713.3096
3702.6347
3692.4843
3684.7867
3678.3463
3672.6213
3667.407
3662.6282
3658.099
3653.4598
3648.6205
3643.8742
-4436.2019
-4436.0888
-4429.535
-4415.5103
-4394.9082
-2870.8713
-1717.9268
-1542.6947
-1225.4862
-1260.752
-1284.9859
-1301.5281
-1318.3655
-1335.9967
-1353.8168
-1371.4774
-1389.156
-1407.5052
-1428.0982
-1451.2595
-1470.9669
-1474.9093
-1496.5053
-1732.9291
-1739.5853
-1757.9725
-1786.8073
-1812.7593
-1835.9252
-1857.6814
-1879.0284
-1900.4804
-1922.2131
-1944.281
-1966.737
-1989.5375
-2012.2031
-2033.6014
-2053.1372
-2070.9577
-2087.3924
-2102.6756
-2116.8253
-2129.56
-2140.1678
-2147.4593
-2570.5267
-2570.66
-2571.4054
-2572.6281
-2572.638
-1974.0234
-2800.9009
-2759.555
-2750.0332
-2747.8336
-2747.6247
-2748.0882
-2748.7207
-2749.319
-2749.7996
-2750.1294
-2750.2962
5146.2131
5148.0413
5151.7361
5157.3763
5165.0857
5175.0416
5187.5138
5202.9985
5226.2659
5209.7493
5305.8025
6270.2987
4307.3156
4317.4455
4328.1774
4338.6375
4348.5572
4634.4337
4598.5031
4593.4195
4594.8912
4598.28
4602.3004
4606.3122
4609.7272
4612.188
1461.1397
1469.7992
1534.8918
2050.4539
3482.4412
3764.876
3764.6358
3762.8806
3760.2128
3757.0631
3753.5837
3749.7587
3745.429
3740.3925
3734.2034
3726.4707
3716.409
3704.4043
3692.0343
3686.6266
3682.486
3679.2974
3677.1298
3676.0839
3675.9181
3675.4214
3673.7784
3670.9744
-4423.3456
-4422.8103
-4424.1527
-4418.2605
-4409.7528
-4396.3435
-4378.3253
-4356.6535
-4337.6881
-4321.5547
-4308.4692
-4298.4456
-4291.1268
-3544.6544
-3499.2195
-3049.2088
-2781.0329
-1911.3006
-1500.0771
-1310.2873
-1311.9735
-1322.9967
-1336.6918
-1352.0342
-1368.4069
-1385.4617
-1403.2504
-1422.1699
-1442.7998
-1465.7288
-1490.1168
-1517.91
-1565.2511
-1659.6023
-1703.8768
-1736.0914
-1766.3051
-1794.1247
-1819.9254
-1844.5421
-1868.6511
-1892.5898
-1916.4119
-1940.1246
-1963.9329
-1988.1763
-2012.525
-2034.3873
-2053.0433
-2069.4176
-2084.2152
-2097.7566
-2110.0215
-2120.7012
-2129.2561
-2135.3569
-2568.8075
-2567.7721
-2568.8066
-2570.3795
-2572.541
-2574.607
-2518.4697
-2580.8756
-2605.1492
-2608.1146
-2611.8382
-2615.4676
-2618.139
-2618.0222
-2611.1157
-2593.1323
-2742.7067
-2739.6185
-2740.1248
-2741.4288
-2742.8757
-2744.1771
-2745.2422
-2746.0605
-2746.6486
-2747.027
-2747.2119
5151.5935
5153.1248
5156.2059
5160.8802
5167.2303
5175.3907
5185.6101
5196.7888
5272.7961
6019.2234
4321.404
4330.3929
4339.5224
4350.4931
4364.2751
4375.6587
4587.9112
4593.9843
4594.3968
4594.9645
4597.1705
4600.4134
4604.0136
4607.3865
4609.9435
4611.3261
1450.1656
1455.02
1502.8926
1919.5683
2922.6289
3757.8998
3759.9597
3759.0462
3756.9629
3754.5703
3752.0136
3749.2997
3746.1805
3742.7047
3737.9998
3731.9604
3721.4529
3706.5405
3684.6227
3687.2007
3685.6731
3684.9534
3685.725
3688.6642
3694.0556
3698.529
3699.9818
3698.1313
-4435.2885
-4429.3917
-4423.8809
-4418.0156
-4412.6346
-4405.0923
-4394.873
-4381.8293
-4366.4428
-4349.3533
-4332.734
-4317.7976
-4305.0568
-4294.7601
-4286.9471
-4281.4335
-3630.3465
-3602.6476
-3571.9222
-3544.3752
-3514.3791
-3244.979
-2285.2264
-1834.3461
-1395.8452
-1329.6244
-1341.7922
-1353.369
-1367.0409
-1382.3144
-1398.7096
-1416.2144
-1435.1229
-1455.9071
-1479.1506
-1505.5826
-1537.5743
-1580.5771
-1636.3524
-1680.2281
-1716.2113
-1748.1971
-1777.5089
-1805.1096
-1831.9106
-1858.4441
-1884.8156
-1910.7204
-1935.8725
-1960.6935
-1986.7098
-2015.3333
-2038.3793
-2055.2313
-2069.4542
-2082.2943
-2094.1141
-2104.8031
-2113.9672
-2121.2855
-2128.8157
-2563.8775
-2565.3463
-2567.9855
-2571.6648
-2576.3604
-2581.0412
-2599.0216
-2593.5126
-2601.7688
-2607.1865
-2612.0216
-2616.6677
-2621.1202
-2625.5494
-2631.6722
-2647.2217
-2699.5615
-2719.6901
-2729.4189
-2734.8813
-2738.272
-2740.5025
-2742.0102
-2743.0324
-2743.7073
-2744.118
-2744.3124
5155.4427
5156.6584
5159.0827
5162.7083
5167.5646
5174.3701
5183.7671
5191.4096
4342.4674
4349.2475
4359.8892
4378.6415
4424.1008
6587.2532
4570.0409
4579.684
4587.0679
4591.4404
4594.8724
4598.4145
4602.1896
4605.9544
4609.2764
4611.472
4611.4411
1432.4549
1440.3603
1445.8266
1450.4882
1612.5006
2321.3142
3404.6612
3758.259
3756.3836
3754.024
3752.2434
3750.6024
3749.2471
3747.2901
3746.248
3743.1316
3741.9202
3730.9025
3715.6839
3645.3946
3692.2997
3688.2865
3689.1153
3692.157
3698.7775
3713.116
3724.6558
3729.5196
3724.2526
-4448.6386
-4439.7221
-4430.5144
-4422.0412
-4413.7041
-4404.8358
-4394.6011
-4382.8173
-4369.6585
-4355.7022
-4340.8036
-4325.9435
-4311.88
-4299.2522
-4288.6301
-4280.5453
-4274.7164
-3676.2408
-3651.5889
-3625.0347
-3597.9509
-3572.0918
-3547.8447
-3529.4742
-3037.5324
-2018.9069
-1660.8823
-1364.7864
-1361.1785
-1367.9513
-1380.4439
-1395.0985
-1410.8485
-1427.7726
-1446.2002
-1466.5546
-1489.3839
-1515.488
-1546.2275
-1583.1306
-1625.002
-1664.4718
-1700.3285
-1732.7632
-1762.6043
-1791.0935
-1819.5467
-1848.3991
-1877.5083
-1905.7813
-1931.9515
-1956.2588
-1982.6361
-2023.7192
-2048.5654
-2060.0482
-2070.8737
-2081.3938
-2091.6024
-2101.1094
-2109.0794
-2114.2778
-2113.9376
-2075.4366
-2558.4935
-2560.3498
-2564.5515
-2570.2537
-2576.6462
-2583.5552
-2592.2046
-2595.7355
-2601.3781
-2606.8934
-2612.39
-2618.0211
-2624.0785
-2631.3288
-2641.7637
-2659.5775
-2688.6274
-2710.1615
-2722.9795
-2730.4053
-2734.8287
-2737.5504
-2739.2639
-2740.3513
-2741.03
-2741.4254
-2741.6073
5158.0763
5158.9834
5160.7581
5163.3058
5166.4284
5169.8921
4350.309
4355.2164
4361.1742
4366.2734
4360.8918
4263.6456
4385.9094
4395.2975
4408.395
4423.404
4439.7103
4457.1869
4475.878
4495.582
4515.5377
4533.8724
4549.2511
4562.7511
4574.5453
4583.0158
4589.4262
4594.6708
4599.4259
4603.9769
4608.3383
4612.2935
4615.0827
4611.8306
4605.3108
1414.3835
1424.3765
1432.2611
1437.8721
1441.3863
1441.0307
1807.1383
2603.4187
3472.0614
3754.207
3750.508
3749.7783
3748.9065
3749.7978
3747.4865
3751.8667
3746.3603
3761.6868
3808.0032
4485.3676
4922.6614
3702.4849
3690.2584
3694.8633
3699.8972
3734.9669
3757.4611
3769.8613
3748.306
-4478.7214
-4467.0987
-4454.9864
-4442.472
-4431.4397
-4420.7223
-4409.924
-4398.4034
-4385.6588
-4372.1368
-4358.2848
-4345.9041
-4332.2154
-4318.3561
-4304.5265
-4291.4415
-4279.9618
-4271.0764
-4265.0691
-3721.4282
-3697.6192
-3672.7453
-3647.7322
-3622.6046
-3598.1941
-3575.4421
-3556.3898
-3543.966
-3035.8989
-1932.2722
-1469.3118
-1394.3819
-1376.8122
-1391.6848
-1406.7872
-1421.8109
-1437.8283
-1455.3501
-1474.727
-1496.3422
-1520.7586
-1548.7171
-1580.7156
-1616.0533
-1652.3283
-1687.8678
-1719.9231
-1749.0514
-1779.0371
-1808.1338
-1838.2139
-1870.9759
-1903.4257
-1930.6904
-1950.1347
-1957.9937
-2070.0476
-2072.115
-2065.5223
-2072.5987
-2080.8047
-2089.7924
-2098.9529
-2106.963
-2113.282
-2117.9655
-2120.035
-2550.1118
-2552.9784
-2559.6169
-2568.1521
-2576.7965
-2584.1957
-2590.8138
-2595.8466
-2601.1148
-2606.619
-2612.6238
-2618.9482
-2625.8439
-2633.9237
-2644.4765
-2660.697
-2685.2094
-2709.3491
-2721.9325
-2728.9318
-2733.087
-2735.6067
-2737.1437
-2738.0789
-2738.636
-2738.9462
-2739.0841
5159.8029
5160.4408
5161.6606
5163.3284
5165.1701
5166.5813
4354.6862
4359.885
4363.3185
4364.3859
4359.9107
4347.2676
4375.6272
4393.4767
4408.7672
4424.2414
4440.5518
4457.7123
4475.6108
4494.1514
4512.9887
4530.9978
4546.9389
4560.5307
4571.7796
4581.0242
4588.5783
4594.96
4600.6426
4605.9542
4611.129
4616.4761
4623.4103
4639.0062
4311.2248
2550.8586
1329.0011
1408.8067
1419.2992
1426.4213
1432.0149
1436.1554
1438.7406
1486.6857
1890.9342
2590.7434
3276.9792
3646.7976
3747.4566
3745.4493
3753.5521
3740.9929
3741.6563
3728.7568
3281.3025
2773.5284
3762.5327
3739.2234
3800.3631
3832.3841
3732.5277
-4514.0235
-4500.6758
-4486.8627
-4472.0642
-4458.2403
-4444.9315
-4432.0513
-4419.4849
-4406.8668
-4393.1949
-4377.4934
-4361.7857
-4345.4398
-4337.4139
-4323.7977
-4310.7389
-4296.4282
-4282.0248
-4268.6993
-4257.8064
-4250.8426
-3793.3779
-3768.288
-3743.0478
-3718.3727
-3694.4534
-3670.546
-3646.5431
-3622.6414
-3599.415
-3576.4113
-3559.3938
-3564.1547
-3444.3418
-2358.3698
-1514.1217
-1353.2317
-1402.6949
-1418.5532
-1431.781
-1446.3782
-1462.6455
-1480.6612
-1500.4997
-1522.4867
-1547.1668
-1574.9617
-1606.1669
-1640.9208
-1678.8913
-1710.0098
-1737.3445
-1761.2783
297.59392
-1693.0666
-1980.0421
-2073.1943
-2079.4339
-2087.8095
-2097.947
-2106.5379
-2113.9219
-2120.5217
-2130.3686
-2536.3462
-2542.2033
-2552.7854
-2565.9416
-2578.1916
-2585.6176
-2591.0082
-2595.7225
-2600.6155
-2605.8439
-2612.5382
-2619.304
-2626.4254
-2634.0455
-2641.5218
-2653.5247
-2682.164
-2720.0931
-2726.4695
-2730.3023
-2732.981
-2734.6454
-2735.6253
-2736.1845
-2736.4888
-2736.6393
-2736.6989
5160.8915
5161.3165
5162.1151
5163.1771
5164.3165
5165.3411
5165.5202
4355.5009
4365.8259
4367.8286
4368.0416
4367.0973
4367.5992
4380.42
4394.4632
4408.8201
4424.0391
4440.3223
4457.2881
4474.5939
4492.4863
4511.4964
4530.1513
4546.0038
4559.5085
4571.0183
4580.7239
4588.9042
4595.9492
4602.2309
4608.069
4613.7475
4619.0726
4623.0752
4621.2498
4584.4851
3343.6648
840.27481
940.85174
1526.412
1698.1035
1582.7186
1416.1076
1416.7852
1422.1104
1427.6118
1432.4804
1436.9299
1442.4965
1483.907
1813.0599
2303.973
2804.0359
3122.1563
3382.3642
3299.7938
3486.6437
3040.6846
3133.6069
1604.1862
3634.2361
3818.6435
3333.6852
2926.0354
-5016.9571
-4539.3162
-4524.1599
-4508.2221
-4492.6498
-4477.2554
-4461.9843
-4446.9634
-4432.3511
-4418.3002
-4404.8631
-4390.0153
-2781.4092
-3722.7577
-3749.7789
-4169.2651
-4314.8223
-4304.3734
-4288.4223
-4271.5301
-4255.0024
-4240.0202
-4229.3726
-3841.4919
-3814.2488
-3787.5037
-3762.5676
-3739.0235
-3716.1504
-3693.4603
-3670.3783
-3646.4961
-3621.7669
-2524.2972
-1563.0048
-1447.3108
-1432.9505
-1440.3806
-1453.2593
-1468.1923
-1484.7729
-1502.5087
-1521.5225
-1542.5017
-1565.7975
-1592.7322
-1626.2966
-1676.7668
-1706.6314
-1722.9872
-2221.231
-2084.191
-2075.9271
-2084.0649
-2098.4878
-2107.3196
-2115.346
-2120.1186
-2134.7154
-2152.4597
-2170.7806
-2345.2727
-2351.3668
-2360.8772
-2363.5318
-2366.7437
-2516.9995
-2527.3298
-2543.3797
-2564.6372
-2584.411
-2590.1842
-2592.3027
-2595.3416
-2599.7413
-2603.9868
-2612.3836
-2614.5338
-2622.5342
-2634.4311
-2634.6714
-2627.2989
-2682.7237
-2762.39
-2733.5503
-2732.827
-2733.8893
-2734.3687
-2734.5275
-2734.5451
-2734.4952
-2734.4235
-2734.3731
5161.5552
5161.8186
5162.3063
5162.9484
5163.6736
5164.5014
5165.8039
5167.9609
2232.7058
4393.2847
4378.2485
4374.1289
4372.8544
4372.8381
4375.6122
4383.9905
4395.1363
4408.011
4422.7727
4439.4102
4456.5239
4472.9905
4489.7035
4510.3596
4532.1075
4547.4169
4560.4811
4572.0623
4581.9495
4590.3659
4597.7026
4604.2638
4610.344
4616.7201
4622.9914
4628.569
4638.4323
4536.0092
3514.9871
1915.1836
1006.3096
1037.2022
1051.8793
1066.2841
1099.9534
1329.7742
1575.1059
1690.1273
1759.3718
1772.8211
1409.6239
1417.6241
1423.8417
1429.2249
1434.0032
1438.4588
1442.1799
1448.5754
1631.2171
1908.4908
2068.1646
2279.0114
2330.2608
2192.3867
2139.0959
1692.9385
1384.8941
3217.9647
2274.3071
84.090755
-2654.3476
-4792.0725
-4792.3232
-4759.5764
-4589.8889
-4570.8087
-4551.5774
-4533.0739
-4516.003
-4499.132
-4482.3215
-4465.4792
-4448.5881
-4432.0903
-4416.501
-4404.27
-1741.4348
-233.18776
-2021.74
-3057.9512
-3797.2819
-4008.7872
-4303.5098
-4281.3571
-4260.6701
-4239.7605
-4218.2008
-4196.8478
-3930.2392
-3896.0445
-3863.0066
-3832.3245
-3805.7881
-3781.5069
-3759.0055
-3737.6676
-3716.7622
-3695.0877
-3670.9128
-2406.3233
-1481.0465
-1425.5575
-1443.5333
-1458.086
-1472.0923
-1487.73
-1503.2403
-1518.5928
-1535.5205
-1552.9945
-1572.6678
-1594.7668
-1703.1622
-1707.662
-1778.8675
-2206.0474
-2108.0329
-2104.6196
-2108.907
-2120.0238
-2111.7348
-2125.9968
-2158.8848
-2184.6712
-2204.1476
-1943.3977
-2248.3403
-2314.3237
-2350.9192
-2357.8198
-2363.7012
-2369.3168
-2374.5181
-2480.7154
-2495.0204
-2507.4966
-2528.7665
-2564.8165
-2612.0683
-2592.0521
660.04569
-2685.0824
-2712.5148
-2733.566
-2735.3805
-2734.4125
-2733.5709
-2732.9732
-2732.5235
-2732.1862
-2731.9969
5161.9554
5162.0963
5162.3433
5162.6367
5162.9279
5163.3223
5164.7122
5166.0809
4632.7321
1813.7239
4370.2073
4380.3524
4377.5838
4376.4098
4375.7886
4378.0211
4384.794
4394.0802
4406.18
4420.0348
4438.1427
4456.8007
4470.9834
4481.1589
4506.5046
4540.5022
4551.0754
4562.9375
4574.8006
4584.6466
4592.9086
4600.2324
4606.7784
4612.3237
4619.7978
4627.6044
4629.7768
4608.3701
4315.1303
2972.0007
1552.6887
1224.1461
1045.8976
1054.8094
1065.9897
1078.2971
1527.9167
1591.8363
1684.346
1735.2815
1757.9783
1411.1063
1414.9206
1420.9065
1426.575
1431.3994
1435.1562
1437.5169
1438.1799
1436.5521
1474.5976
1571.1849
1603.3331
1665.564
1584.2033
1523.9198
1392.0359
1389.4546
-4038.9027
-3007.0907
-3471.3795
-4672.0645
-4741.9395
-4708.7926
-4679.4358
-4653.0697
-4627.8641
-4602.1867
-4579.682
-4560.0457
-4541.6118
-4523.5843
-4505.5521
-4487.4204
-4469.0227
-4449.8192
-4430.9203
-4411.344
-3213.4451
-216.76144
-192.84446
-135.50477
-2469.8635
-3813.9388
-4103.5174
-4200.0509
-4272.8258
-4250.0332
-4225.1668
-4196.7407
-4160.2194
-4108.9555
-4052.2396
-4000.3796
-3952.3126
-3910.9224
-3877.0561
-3847.7444
-3821.8145
-3798.6689
-3777.8232
-3758.7487
-3740.577
-3720.374
-2920.412
-2632.8125
-1650.8998
-1450.1095
-1463.4607
-1474.3615
-1490.8153
-1504.1298
-1514.0886
-1527.993
-1537.9924
-1550.1781
-1571.1107
-1740.5424
-2413.0229
-2261.1652
-2100.1905
-2148.2176
-2080.8002
-2101.9732
-2174.2361
-2201.8225
-2218.9564
-2236.9209
-2256.9231
-2276.4769
-2338.6237
-2299.4327
-2323.0666
-2344.1749
-2355.9046
-2364.1799
-2371.2499
-2378.5344
-2385.7646
-2393.1134
-2452.9078
-2464.3546
-2472.1729
-2479.7352
-2499.3736
-2585.9343
-2557.6894
-3209.479
-2746.3943
-2753.5417
-2739.6543
-2734.33
-2732.3702
-2731.2534
-2730.4392
-2729.8009
-2729.4314
5162.215
5162.2678
5162.3339
5162.3273
5162.079
5161.1475
5157.8425
5144.2246
4688.561
1230.74
929.17591
3902.8331
4395.37
4379.4448
4379.4125
4375.886
4375.8898
4384.05
4391.3636
4399.6391
4566.5316
4538.7797
4552.8518
4563.2545
4579.5569
4588.9283
4596.3901
4603.5409
4610.2945
4612.3753
4622.5433
4637.8518
4579.4303
4442.8049
4006.5823
2670.9263
1632.3342
1141.9784
1045.9565
1055.6344
1065.8499
1075.895
1505.444
1573.353
1672.4089
1698.6356
1547.2714
1397.4706
1409.9965
1418.2536
1424.7714
1429.8724
1433.0456
1434.2085
1434.293
1432.3998
1428.0554
1428.3586
1426.7588
1424.5481
1421.8532
1407.5186
1398.2658
-4804.7575
-4812.4876
-4765.4384
-4730.9359
-4702.2825
-4675.8287
-4651.4888
-4628.5611
-4606.9024
-4587.0938
-4568.2538
-4549.7428
-4531.1701
-4512.0724
-4492.7824
-4472.2961
-4451.0339
-4432.3584
-4412.2143
-2981.0602
-221.5325
-185.71712
-142.89261
-789.54706
-3458.7105
-3970.1911
-4201.2713
-4263.9498
-4241.4697
-4214.1328
-4182.2643
-4144.7916
-4099.3333
-4049.7482
-4001.9685
-3958.6165
-3921.0006
-3888.2049
-3859.7806
-3835.0583
-3813.5275
-3794.8684
-3778.9495
-3765.1656
-3639.227
-2532.5815
-1894.5193
-1478.2818
-1471.0786
-1497.0409
-1508.3757
-1505.6388
-1524.371
-1520.8045
-1518.9414
-1816.6355
-3682.0938
-1796.2268
-2004.7405
-2018.8843
-2234.2639
-2229.1779
-2233.8173
-2245.0041
-2261.5679
-2280.7242
-2305.7874
-2312.0427
-2331.41
-2346.8091
-2357.444
-2365.864
-2373.5101
-2381.0077
-2388.8578
-2397.8569
-2407.7172
-2416.9473
-2425.96
-2435.0159
-2444.47
-2450.3166
-2450.792
-2439.898
-2403.0582
-2308.817
1405.1578
-2898.1561
-2737.6024
-2735.3651
-2730.8828
-2730.3267
-2729.231
-2728.1789
-2727.1467
-2726.4965
5162.4216
5162.4261
5162.3974
5162.2595
5161.9132
5161.3464
5161.2859
5166.8853
5208.8993
2683.7034
-399.41646
-606.79393
591.15757
3142.6134
4095.5536
4365.413
4385.9102
4372.4532
4367.5765
4382.0674
4595.9287
4578.5976
4594.8518
4599.924
4607.2472
4618.4844
4604.34
4620.1492
4638.0304
4368.9404
4241.1988
3124.98
1821.5151
1299.7222
1123.0627
1046.7515
1055.9218
1065.8809
1080.2931
1090.0178
1545.1271
1668.4704
1552.2882
1443.7436
1433.0849
1432.0997
1430.6993
1428.6677
1427.5487
1425.9788
1423.772
1420.0661
1414.3993
-4747.0295
-4719.9728
-4694.534
-4669.8557
-4649.1335
-4629.6799
-4611.1803
-4593.5355
-4576.133
-4557.9359
-4538.2871
-4517.9306
-4498.6537
-4482.3264
-4426.4747
-4417.182
-4317.7703
-1155.4998
-185.56124
-436.84606
-3204.4236
-4098.8017
-4296.6488
-4291.2435
-4264.4596
-4237.762
-4207.631
-4173.3902
-4134.6302
-4090.9344
-4045.3131
-4002.1029
-3962.0599
-3926.2575
-3894.9815
-3868.1151
-3845.1072
-3825.5148
-3809.1709
-3796.3081
-3785.027
-3816.9438
-3844.3028
-3540.7165
-2601.52
-2272.8763
-1801.9743
-1526.6935
-1572.2934
-1659.5959
-1854.7977
-2487.1589
-2837.1308
-4710.9867
-1597.982
-2265.0491
-2252.2987
-2241.757
-2248.2543
-2263.9776
-2278.2805
-2296.0139
-2311.5405
-2343.7216
-2354.2077
-2361.1981
-2368.3218
-2375.9192
-2383.5672
-2391.3866
-2399.9591
-2408.7806
-2417.1154
-2425.0188
-2432.4083
-2438.7455
-2442.4024
-2440.7806
-2426.0065
-2369.1758
-2239.6265
-3554.4782
-3107.0047
-2753.6286
-2723.5093
-2728.8228
-2727.1648
-2725.8987
-2724.1106
-2722.9113
5162.6239
5162.6178
5162.5699
5162.4002
5161.968
5161.0392
5159.0692
5153.1317
4836.7615
3112.4256
711.37631
-387.52592
-372.15247
84.497331
1011.9478
3112.2879
3467.002
4355.3943
3599.3994
3586.2682
4602.5294
4607.0449
4649.4482
4277.3996
4296.1518
3937.0421
3797.3044
2961.6278
1888.0059
1485.0733
1296.3197
1043.5373
1048.6699
1055.4204
1062.8502
1071.0276
1430.5907
1429.6241
1428.3679
1427.1902
1425.8357
1424.2355
1422.3387
-4678.0699
-4661.5386
-4645.5096
-4629.8448
-4614.6021
-4599.7354
-4583.8713
-4566.3331
-4549.4085
-4409.1957
-4399.0545
-4355.3352
-2905.0939
-3693.3614
-4052.4798
-4159.9106
-4231.2682
-4209.9299
-4264.8812
-4235.0161
-4202.428
-4167.7325
-4129.7059
-4087.2728
-4041.5928
-3999.0705
-3961.2621
-3926.9877
-3897.348
-3872.5892
-3851.7404
-3834.2503
-3819.9899
-3809.3023
-3800.4324
-3803.6326
-2863.1974
-2596.8244
-2732.9739
-2796.9927
-3171.0036
-3344.383
-4056.5794
-5063.7545
-2237.3107
-2233.7505
-2242.2786
-2267.8076
-2272.4063
-2288.4474
-2294.3839
-2382.2541
-2365.4818
-2364.1539
-2370.0397
-2378.2941
-2385.6405
-2392.514
-2402.3647
-2410.9194
-2417.9152
-2424.543
-2430.562
-2435.6942
-2439.7669
-2443.9214
-2454.1718
-2502.945
-2361.2212
-3904.0417
-3118.0694
-2849.0353
-2734.2904
-2724.7068
-2724.1405
-2720.4857
-2718.1268
5162.8322
5162.8514
5162.8644
5162.8034
5162.5194
5161.7733
5160.8199
5165.6111
4664.9713
1854.6909
535.19094
-300.71635
-357.45041
-357.68016
-364.53285
263.16555
814.85744
1388.712
1811.4268
338.94935
308.51669
3125.2011
1740.2372
2403.9369
1505.2688
1474.8074
1206.2771
1040.6886
1044.3392
1048.9705
1054.2402
1059.5199
1064.1631
1429.5221
1428.8616
1427.9905
1427.0089
1425.9385
1424.8526
1423.8519
1424.0946
-4660.8315
-4652.5979
-4641.5212
-4629.5872
-4617.6484
-4606.3111
-4596.1108
-4330.1713
-4262.412
-4302.6961
-4299.3355
-4299.7617
-4288.5002
-4279.3755
-4259.4182
-4244.1819
-4023.6703
-3993.0962
-3956.9794
-3925.0694
-3897.3638
-3873.1527
-3855.0125
-3839.7549
-3827.2335
-3817.7311
-3811.6437
-3808.9351
-3810.3665
-3811.4203
-5216.9431
-4212.2612
-4070.2202
-4263.9793
-4268.5225
-5013.4036
-5019.9588
-2200.2713
-2291.9877
-2292.5679
-2255.0897
-2290.9855
-2283.2688
-2547.7433
-2393.1996
-2409.7615
-2414.617
-2419.0832
-2424.676
-2429.6025
-2433.7023
-2437.0498
-2440.9665
-2452.188
-2540.1741
-4082.3275
-3957.5509
-3319.5955
-3023.5804
-2755.8591
-2725.4705
-2715.5651
-2710.9833
5163.0213
5163.0913
5163.233
5163.4295
5163.5331
5162.7146
5156.8263
4726.7444
2924.5818
1270.9597
103.06368
-304.71537
-301.04108
-356.75692
-356.90301
-356.83412
-356.92085
-352.29823
-121.73645
237.69834
-413.82438
1001.6136
1005.5059
1130.6979
1043.5754
1033.868
1033.7791
1039.59
1044.1609
1048.6334
1053.0501
1056.9845
1059.7037
1428.7929
1428.869
1428.3929
1427.7238
1426.9169
1426.0567
1425.2482
1424.6487
1424.4985
-4648.9194
-4645.8371
-4638.3897
-4629.3345
-4620.0916
-4611.3397
-4605.4063
-3885.6526
-3870.2301
-3855.4007
-3842.5209
-3831.4553
-3822.7419
-3816.7403
-3813.5253
-3812.428
-3812.1605
-3812.3354
-4985.3703
-4816.38
-4871.6164
-5000.8771
-5008.5063
-5013.1471
-5528.839
-2656.109
-3360.0674
-3349.0293
-3451.6986
-6093.5159
-2424.6732
-2413.0817
-2419.1245
-2425.4754
-2429.4699
-2432.4628
-2433.7635
-2430.7067
-2407.7661
-2907.6342
-4280.2366
-3863.031
-3585.8989
-3343.0174
-2957.5916
-2705.3209
-2699.2579
5163.1404
5163.2596
5163.547
5164.1485
5165.4691
5168.7256
3328.263
2126.1069
466.306
-106.52637
-293.36457
-299.36752
-300.50934
-300.51566
-356.61613
-356.61623
-356.4071
-355.75308
-354.01784
-349.37942
-341.82198
-350.15566
-398.68754
1006.0208
1006.0218
1006.1396
1012.577
1024.9527
1029.8057
1033.0663
1035.5258
1039.7324
1044.0818
1048.3526
1052.3428
1055.6258
1057.3535
1428.671
1428.5648
1428.1843
1427.5955
1426.8786
1426.1234
1425.4348
1424.9327
1424.6874
-4646.2382
-4646.2798
-4642.9386
-4636.8658
-4629.2689
-4621.6059
-4615.0092
-3864.0365
-3855.7408
-3843.4703
-3833.3216
-3825.0375
-3819.0471
-3815.3619
-3813.5119
-3812.745
-3812.5041
-3812.5049
-4990.1152
-4995.6477
-4998.3415
-5002.0317
-5006.8768
-5010.3674
-6394.1964
-6246.5524
-5820.777
-5365.6699
-6158.3828
-7851.2697
-2567.229
-2496.4067
-2428.6312
-2430.3389
-2432.9157
-2444.1315
-2450.9285
-4830.3714
-4294.1216
-4360.7575
-4296.7388
-4072.594
-3904.0404
-3735.5485
-2952.2941
)
;

boundaryField
{
    walls
    {
        type            zeroGradient;
    }
    inlet
    {
        type            zeroGradient;
    }
    outlet
    {
        type            zeroGradient;
    }
    frontAndBack
    {
        type            empty;
    }
    movingWalls_patch0
    {
        type            zeroGradient;
    }
}


// ************************************************************************* //
